0.326447 0.32682 0.886917
-0.0163966 0.42929 0.903018
-0.0266281 -0.0270575 0.999279
0.427013 -0.0165095 0.904095
0.274562 -0.0221369 0.961315
0.2394 -0.278176 0.930218
0.390281 -0.218109 0.894488
-0.307856 -0.0216095 0.951188
-0.270988 -0.271517 0.923496
-0.0212478 -0.307103 0.951439
-0.219341 0.393267 0.892878
-0.279481 0.241031 0.929406
-0.02195 0.275684 0.960998
0.192717 0.400624 0.895746
0.247435 0.247479 0.936766
0.399539 0.192348 0.89631
0.339307 0.220428 0.914485
0.361241 0.107941 0.926204
0.421094 0.093226 0.902213
0.123642 0.268653 0.955269
0.137654 0.137725 0.980858
0.268108 0.123393 0.955454
0.0936305 0.422768 0.901388
0.108357 0.362368 0.925715
0.220702 0.339844 0.914219
-0.163761 0.264318 0.950431
-0.181046 0.134305 0.974261
-0.0249228 0.143633 0.989317
-0.362716 0.213393 0.907139
-0.384956 0.104033 0.917053
-0.301273 0.119374 0.946036
-0.292428 0.357635 0.886895
-0.330103 0.299154 0.895287
-0.250384 0.332619 0.909215
-0.157852 -0.295742 0.942136
-0.138059 -0.378853 0.915101
-0.018397 -0.38984 0.920699
-0.35345 -0.241677 0.903695
-0.318796 -0.319198 0.892458
-0.240881 -0.353434 0.903914
-0.391219 -0.0187454 0.920107
-0.379525 -0.138893 0.914696
-0.295776 -0.158628 0.941995
0.330206 -0.249115 0.910443
0.296762 -0.328061 0.896833
0.354599 -0.290448 0.888763
0.118738 -0.300072 0.946498
0.103478 -0.383084 0.917899
0.211852 -0.36066 0.908319
0.143188 -0.025161 0.989376
0.133599 -0.180681 0.974426
0.26277 -0.163328 0.950934
0.36751 -0.0192159 0.929821
0.355837 -0.143554 0.923457
0.415912 -0.12425 0.900877
-0.187291 -0.0245973 0.981997
-0.176406 -0.176919 0.968287
-0.0242429 -0.187225 0.982018
-0.124728 0.418656 0.899539
-0.143998 0.358064 0.922526
-0.0190344 0.369266 0.929129
0.271849 0.367135 0.889556
0.307737 0.30786 0.900289
0.366507 0.271775 0.889838
0.340663 0.29003 0.894333
0.357919 0.251288 0.899304
0.384168 0.234901 0.892881
0.267694 0.324656 0.90716
0.283199 0.28326 0.916276
0.324352 0.267594 0.907298
0.235147 0.384997 0.892459
0.251491 0.35849 0.89902
0.290036 0.341036 0.894189
-0.0829859 0.365812 0.926982
-0.0890039 0.323451 0.94205
-0.0204662 0.327008 0.9448
-0.200217 0.346722 0.91635
-0.21316 0.304385 0.928393
-0.153935 0.315608 0.93632
-0.174353 0.40754 0.896389
-0.187146 0.380916 0.905472
-0.134178 0.392164 0.910057
-0.103541 -0.18377 0.977501
-0.0976269 -0.248502 0.963699
-0.0227429 -0.252088 0.967437
-0.24066 -0.1682 0.955924
-0.230121 -0.230651 0.945433
-0.167522 -0.240931 0.955975
-0.252502 -0.0230971 0.967321
-0.248568 -0.0982683 0.963617
-0.183517 -0.10414 0.977485
0.389658 -0.133726 0.911199
0.378268 -0.186309 0.906754
0.404645 -0.173509 0.897862
0.313703 -0.153493 0.937033
0.302372 -0.212297 0.929248
0.344367 -0.199368 0.917422
0.325556 -0.0206546 0.945297
0.321737 -0.088928 0.942644
0.363789 -0.0828977 0.927785
0.202703 -0.172652 0.9639
0.193125 -0.235982 0.952373
0.251975 -0.224711 0.941283
0.0567318 -0.186062 0.980899
0.0533382 -0.250878 0.966548
0.126364 -0.245129 0.96122
0.0621811 -0.0265558 0.997712
0.0599274 -0.111125 0.991998
0.139719 -0.106816 0.984413
0.16015 -0.373513 0.913696
0.149048 -0.402843 0.903052
0.197724 -0.390083 0.8993
0.0433226 -0.388681 0.920353
0.0401565 -0.417631 0.907729
0.0960772 -0.412209 0.906009
0.049932 -0.305889 0.950757
0.0465847 -0.351624 0.934981
0.111056 -0.345882 0.931682
0.329131 -0.309577 0.892096
0.309739 -0.337633 0.888856
0.334306 -0.317357 0.887426
0.25758 -0.345277 0.902461
0.241124 -0.374565 0.895299
0.278589 -0.3569 0.891634
0.288724 -0.264144 0.920254
0.273587 -0.308508 0.911028
0.314127 -0.29211 0.903325
-0.341922 -0.14876 0.927879
-0.330307 -0.206112 0.921095
-0.284442 -0.218785 0.933395
-0.409064 -0.129181 0.903316
-0.397624 -0.180103 0.899699
-0.367919 -0.193121 0.909582
-0.420409 -0.0173831 0.907168
-0.416825 -0.0744424 0.905933
-0.387503 -0.0802008 0.918373
-0.283199 -0.33709 0.897869
-0.26557 -0.366168 0.891849
-0.22523 -0.382809 0.895951
-0.347518 -0.300254 0.888301
-0.327476 -0.327743 0.886196
-0.299747 -0.34765 0.888421
-0.383131 -0.22606 0.895604
-0.366237 -0.266273 0.89161
-0.336864 -0.283826 0.897756
-0.0795435 -0.386466 0.918867
-0.0738261 -0.415497 0.906593
-0.0170728 -0.418754 0.907939
-0.192248 -0.367598 0.909897
-0.179233 -0.396991 0.900152
-0.128377 -0.408089 0.903871
-0.218072 -0.284725 0.933475
-0.205289 -0.330296 0.921282
-0.147932 -0.341567 0.928142
-0.293783 0.316543 0.901938
-0.310204 0.27562 0.909839
-0.265437 0.290772 0.919236
-0.35928 0.280939 0.889939
-0.376952 0.243065 0.893771
-0.347342 0.259571 0.901097
-0.31968 0.337327 0.885446
-0.339984 0.312457 0.887007
-0.311587 0.331878 0.890377
-0.347438 0.111645 0.931033
-0.352985 0.0466624 0.934465
-0.306918 0.0500368 0.95042
-0.414358 0.0966169 0.904971
-0.419566 0.0402392 0.906833
-0.390344 0.0433942 0.919646
-0.392445 0.199221 0.897941
-0.405133 0.150068 0.901858
-0.37551 0.161208 0.912691
-0.106762 0.140365 0.984327
-0.111009 0.0601434 0.991998
-0.0261969 0.0623126 0.997713
-0.245932 0.127044 0.960925
-0.251547 0.0534775 0.966367
-0.186345 0.0569106 0.980835
-0.225583 0.253599 0.940638
-0.236839 0.194307 0.95192
-0.173061 0.203853 0.963584
0.167263 0.352694 0.920668
0.178417 0.310299 0.933746
0.234448 0.297744 0.92541
0.0455515 0.368075 0.92868
0.0488627 0.325794 0.944177
0.115997 0.319977 0.940298
0.0392408 0.428173 0.902844
0.0423277 0.401914 0.914699
0.100849 0.396365 0.912537
0.207667 0.130938 0.969397
0.213003 0.0554348 0.975478
0.273634 0.0519648 0.960429
0.0589042 0.142556 0.988032
0.0616054 0.061625 0.996196
0.142319 0.0588104 0.988072
0.0522432 0.274465 0.960177
0.0556364 0.213525 0.975352
0.131042 0.207948 0.969322
0.394951 0.100417 0.913198
0.400179 0.0419825 0.915475
0.426188 0.0389412 0.903796
0.319145 0.115641 0.940624
0.324647 0.0485367 0.944589
0.36663 0.0452004 0.929268
0.297468 0.234305 0.925534
0.309761 0.17813 0.93398
0.351874 0.16688 0.921051
0.373165 0.206293 0.904539
0.385739 0.155666 0.909381
0.412048 0.144797 0.899584
0.189267 0.259259 0.947081
0.199311 0.199369 0.959441
0.258982 0.189134 0.947184
0.145221 0.413414 0.898888
0.156098 0.386842 0.908838
0.206643 0.373981 0.904122
-0.0951179 0.272073 0.957564
-0.101159 0.211146 0.972206
-0.023453 0.214714 0.976395
-0.325155 0.227443 0.917902
-0.337866 0.172461 0.925259
-0.291758 0.183619 0.938702
-0.258877 0.376443 0.889536
-0.276469 0.350116 0.894977
-0.234839 0.366666 0.900226
-0.0915218 -0.303533 0.948415
-0.0854566 -0.349332 0.933094
-0.0197949 -0.352817 0.935483
-0.316126 -0.256962 0.913255
-0.300208 -0.300695 0.905239
-0.256267 -0.316398 0.913356
-0.353893 -0.0201556 0.935069
-0.350057 -0.0861331 0.93276
-0.30393 -0.0921914 0.948223
0.363939 -0.233599 0.901654
0.347358 -0.274831 0.896555
0.373413 -0.257261 0.89128
0.182464 -0.290478 0.939324
0.171355 -0.336203 0.92607
0.22585 -0.323451 0.918897
0.213929 -0.0236494 0.976563
0.210126 -0.101141 0.972429
0.270693 -0.0950602 0.957961
0.401029 -0.0178275 0.915892
0.397429 -0.0770327 0.914394
0.423515 -0.0714472 0.903067
-0.111873 -0.0260505 0.993381
-0.108733 -0.109231 0.988051
-0.0256584 -0.112146 0.99336
-0.0715978 0.42605 0.901862
-0.0771409 0.399728 0.913382
-0.017666 0.403063 0.915002
0.302404 0.347563 0.887554
0.321954 0.322185 0.890249
0.347088 0.302546 0.887691
0.335383 0.312376 0.888785
0.34509 0.297427 0.890197
0.356989 0.287943 0.888621
0.306834 0.331755 0.892071
0.316093 0.316263 0.894462
0.331459 0.306943 0.892144
0.287911 0.357533 0.888413
0.297365 0.345516 0.890052
0.312198 0.33574 0.888713
-0.0475936 0.401947 0.914425
-0.0493999 0.386051 0.921154
-0.0183421 0.387189 0.921818
-0.106075 0.396446 0.911909
-0.110006 0.380459 0.918232
-0.0800382 0.38379 0.919945
-0.0985188 0.422851 0.900828
-0.102204 0.410459 0.906134
-0.0742954 0.413689 0.907382
-0.0680101 -0.111092 0.99148
-0.0663041 -0.149819 0.986488
-0.0249709 -0.150973 0.988222
-0.147309 -0.106844 0.983303
-0.144371 -0.144873 0.978861
-0.106284 -0.147704 0.983304
-0.150869 -0.0253381 0.988229
-0.149562 -0.0668305 0.986491
-0.110691 -0.0685347 0.991489
0.411261 -0.0741735 0.908495
0.407919 -0.101923 0.907311
0.420204 -0.098212 0.902099
0.381625 -0.0799416 0.920854
0.378182 -0.109742 0.919203
0.394035 -0.105804 0.912985
0.385288 -0.0185157 0.922611
0.384011 -0.0494482 0.922003
0.399775 -0.0476306 0.915375
0.241631 -0.0981207 0.965395
0.23816 -0.133945 0.961945
0.267168 -0.129945 0.954849
0.176155 -0.104067 0.978846
0.172989 -0.141515 0.974704
0.20677 -0.13783 0.968633
0.179847 -0.0244084 0.983392
0.178517 -0.0648602 0.981797
0.212573 -0.0629182 0.975117
0.199401 -0.330155 0.922625
0.193061 -0.349811 0.916711
0.218883 -0.343047 0.91346
0.141844 -0.341483 0.929123
0.137086 -0.361154 0.922375
0.165749 -0.355882 0.919715
0.151367 -0.295681 0.943218
0.146614 -0.319679 0.936114
0.176938 -0.314418 0.932649
0.361252 -0.265992 0.893726
0.352184 -0.283795 0.891867
0.364218 -0.274625 0.889903
0.331655 -0.283552 0.89978
0.322881 -0.302109 0.896927
0.338418 -0.293034 0.894206
0.348028 -0.241394 0.905873
0.340062 -0.263305 0.902789
0.355888 -0.255007 0.899064
-0.328117 -0.0891511 0.940421
-0.324514 -0.122043 0.937974
-0.300321 -0.126087 0.945468
-0.369828 -0.0831475 0.925372
-0.366291 -0.113987 0.923492
-0.346481 -0.118003 0.930605
-0.373608 -0.0194451 0.927383
-0.372288 -0.0515402 0.926685
-0.352552 -0.0534149 0.934266
-0.279139 -0.308729 0.909267
-0.27108 -0.328054 0.904929
-0.248629 -0.335888 0.908495
-0.319449 -0.292372 0.901371
-0.310777 -0.311226 0.898085
-0.291807 -0.319809 0.901427
-0.335758 -0.249382 0.908336
-0.327803 -0.271748 0.90482
-0.308339 -0.27974 0.909215
-0.0528772 -0.351646 0.934639
-0.0510085 -0.371224 0.927141
-0.0190878 -0.372377 0.927885
-0.117232 -0.345941 0.930903
-0.113217 -0.365593 0.923863
-0.0824773 -0.368944 0.925785
-0.125337 -0.300108 0.945635
-0.121279 -0.324137 0.938204
-0.0884756 -0.327551 0.940682
-0.256448 0.358638 0.89756
-0.264761 0.342651 0.901383
-0.242647 0.350604 0.904544
-0.29486 0.341173 0.892557
-0.303955 0.325467 0.895367
-0.285208 0.334246 0.898296
-0.276425 0.367254 0.888096
-0.285604 0.355094 0.890134
-0.267612 0.364157 0.892061
-0.315896 0.178069 0.931934
-0.321119 0.147488 0.935484
-0.296931 0.152266 0.942681
-0.357717 0.16683 0.918807
-0.36294 0.137913 0.92155
-0.343103 0.142695 0.928396
-0.344931 0.22045 0.912373
-0.351678 0.194391 0.915716
-0.331845 0.200757 0.921724
-0.0627985 0.213487 0.974926
-0.0647081 0.179248 0.981674
-0.0241967 0.180457 0.983285
-0.138028 0.20787 0.968369
-0.141691 0.173892 0.974518
-0.104052 0.176989 0.978697
-0.13018 0.268644 0.954402
-0.134164 0.239452 0.961594
-0.0981625 0.242829 0.96509
0.182031 0.380785 0.906569
0.188388 0.36469 0.911872
0.213692 0.357891 0.908983
0.128981 0.392064 0.910851
0.133678 0.376033 0.916913
0.16167 0.370771 0.914544
0.119864 0.418557 0.900246
0.124332 0.406129 0.905318
0.150562 0.400961 0.903638
0.230259 0.194393 0.953516
0.235009 0.16173 0.958444
0.263919 0.157108 0.951664
0.166198 0.203939 0.964773
0.170242 0.170309 0.970573
0.203772 0.166167 0.964814
0.157313 0.264327 0.951517
0.161853 0.23529 0.958354
0.194436 0.23042 0.953468
0.399716 0.150125 0.904262
0.404732 0.123887 0.906004
0.417038 0.119438 0.901007
0.369811 0.161257 0.915006
0.37492 0.133245 0.917432
0.390807 0.128537 0.911454
0.357212 0.213375 0.909324
0.363876 0.188014 0.912275
0.379829 0.181631 0.90705
0.331877 0.172515 0.927414
0.337018 0.142788 0.930608
0.35701 0.138 0.92385
0.285477 0.183688 0.940618
0.290534 0.152377 0.944654
0.314879 0.14759 0.937587
0.27348 0.241016 0.931193
0.279749 0.213276 0.936084
0.303917 0.20708 0.929921
0.346731 0.0468545 0.936794
0.347769 0.01353 0.937483
0.367651 0.0130526 0.929872
0.300307 0.0502414 0.952519
0.301372 0.0145115 0.953396
0.3257 0.014016 0.945369
0.294779 0.119522 0.948061
0.298079 0.0853712 0.950716
0.322436 0.0825264 0.942987
0.413966 0.0404216 0.909394
0.41493 0.0116785 0.909778
0.427144 0.011257 0.904113
0.384422 0.0435758 0.922129
0.385425 0.0125846 0.922653
0.401165 0.0121253 0.915926
0.37911 0.104154 0.919471
0.3823 0.0741838 0.921055
0.398094 0.0714908 0.914554
0.0940681 0.211209 0.972904
0.0967369 0.177082 0.97943
0.134499 0.174009 0.975516
0.0162509 0.214727 0.976539
0.0167438 0.180475 0.983437
0.0573001 0.179307 0.982123
0.0152647 0.275688 0.961126
0.0157572 0.246445 0.969029
0.0539438 0.245226 0.967964
0.103169 0.0603511 0.992831
0.104084 0.0175257 0.994414
0.14333 0.0170445 0.989528
0.0180821 0.0623624 0.99789
0.0182958 0.0181861 0.999667
0.0623055 0.0179476 0.997896
0.0172289 0.143661 0.989477
0.0176894 0.104272 0.994391
0.0603839 0.10329 0.992817
0.244551 0.0537003 0.968148
0.24563 0.0155221 0.969239
0.27471 0.0150144 0.96141
0.178934 0.0571497 0.9822
0.179989 0.0165422 0.983529
0.214076 0.0160328 0.976685
0.173843 0.13448 0.975548
0.176814 0.0966451 0.979488
0.210808 0.093907 0.973006
0.0718947 0.399669 0.913836
0.0745892 0.383735 0.920426
0.104582 0.380384 0.918897
0.012393 0.403053 0.915093
0.0128596 0.387176 0.921916
0.0439281 0.386016 0.921446
0.0114739 0.429278 0.903099
0.0119288 0.416952 0.90885
0.0407526 0.415831 0.908528
0.0828783 0.323425 0.942617
0.0856904 0.298915 0.950425
0.11983 0.295466 0.947808
0.0142897 0.327003 0.944915
0.0147759 0.302517 0.95303
0.0505468 0.301298 0.952189
0.013333 0.369255 0.929233
0.0138092 0.349223 0.936938
0.0471968 0.34803 0.936294
0.2073 0.304319 0.92974
0.213419 0.280024 0.935969
0.241071 0.273637 0.931132
0.14792 0.31556 0.937306
0.15265 0.291075 0.944443
0.183904 0.28588 0.940453
0.138409 0.357981 0.923414
0.143163 0.337845 0.93025
0.172856 0.332553 0.927108
-0.206037 0.19928 0.958038
-0.210662 0.166033 0.963356
-0.177288 0.170176 0.969334
-0.265414 0.189056 0.945417
-0.270482 0.156989 0.949839
-0.241732 0.161602 0.956792
-0.253554 0.247486 0.935126
-0.259725 0.219257 0.940462
-0.231411 0.225002 0.946479
-0.220201 0.0552023 0.973891
-0.221305 0.0158052 0.975077
-0.187437 0.0163103 0.982141
-0.280431 0.0517517 0.958478
-0.281528 0.014795 0.959439
-0.252652 0.0152985 0.967436
-0.274776 0.123231 0.953578
-0.278142 0.0880398 0.956497
-0.24926 0.0908845 0.964162
-0.069624 0.0614821 0.995677
-0.0704349 0.0177519 0.997358
-0.0265987 0.0181014 0.999482
-0.149945 0.0585759 0.986958
-0.151007 0.0168116 0.98839
-0.111997 0.0172995 0.993558
-0.145029 0.137562 0.979818
-0.147861 0.0990229 0.984038
-0.109157 0.101345 0.988845
-0.391297 0.155616 0.907012
-0.396437 0.128453 0.909031
-0.3807 0.13316 0.915061
-0.41729 0.144731 0.897174
-0.422343 0.119346 0.898545
-0.410216 0.123802 0.903546
-0.404631 0.192339 0.894024
-0.411362 0.169106 0.895648
-0.399181 0.175251 0.899967
-0.405941 0.0418011 0.912943
-0.40694 0.0119194 0.913377
-0.391362 0.0123766 0.920154
-0.431608 0.0387569 0.901228
-0.432572 0.0110484 0.901531
-0.420545 0.0114709 0.907199
-0.426452 0.0931017 0.899706
-0.429556 0.0661784 0.900612
-0.417492 0.0686958 0.90608
-0.33108 0.0483385 0.942364
-0.332151 0.0138039 0.943125
-0.308005 0.0142958 0.951277
-0.372717 0.0450144 0.926853
-0.373752 0.0128436 0.92744
-0.35404 0.01332 0.935136
-0.367242 0.107818 0.923855
-0.370529 0.0767657 0.925643
-0.350762 0.0795427 0.93308
-0.326634 0.322289 0.888504
-0.33626 0.307046 0.89031
-0.320974 0.316381 0.892681
-0.351571 0.3026 0.885907
-0.361577 0.288001 0.886745
-0.349804 0.29751 0.888327
-0.330728 0.326842 0.885321
-0.341235 0.315603 0.885411
-0.329872 0.325761 0.886038
-0.363076 0.251354 0.897216
-0.371102 0.229582 0.899764
-0.355304 0.237278 0.904134
-0.389066 0.234931 0.89075
-0.397173 0.214313 0.892369
-0.385009 0.221856 0.895851
-0.371202 0.271828 0.887873
-0.380385 0.254127 0.889228
-0.368351 0.262779 0.891776
-0.288774 0.283343 0.914509
-0.296259 0.25977 0.919103
-0.272626 0.266883 0.924364
-0.329723 0.267676 0.905336
-0.33758 0.244906 0.908879
-0.317907 0.252421 0.913903
-0.312836 0.307979 0.898489
-0.321448 0.288712 0.901841
-0.302137 0.297002 0.905816
-0.177346 -0.336314 0.924901
-0.17156 -0.356003 0.918602
-0.142979 -0.361248 0.921443
-0.231629 -0.323621 0.917397
-0.224502 -0.343221 0.91203
-0.19878 -0.349959 0.915432
-0.245487 -0.278337 0.928582
-0.238645 -0.302 0.922954
-0.211737 -0.308562 0.927339
-0.154347 -0.402967 0.902106
-0.148875 -0.415001 0.897558
-0.123776 -0.420097 0.898998
-0.202894 -0.390246 0.898077
-0.1959 -0.402292 0.894306
-0.172963 -0.409041 0.895974
-0.217316 -0.360832 0.906959
-0.210103 -0.376496 0.902279
-0.185725 -0.383261 0.904774
-0.0456196 -0.417665 0.907455
-0.0439593 -0.429586 0.901955
-0.0164641 -0.430661 0.902363
-0.101479 -0.412287 0.905385
-0.0978056 -0.424266 0.90024
-0.0711408 -0.427445 0.901238
-0.109247 -0.383157 0.9172
-0.105333 -0.398704 0.91101
-0.0766577 -0.401964 0.912441
-0.352453 -0.275112 0.894478
-0.343412 -0.2933 0.892213
-0.327981 -0.302371 0.894986
-0.378245 -0.257538 0.88916
-0.36896 -0.274882 0.887867
-0.357072 -0.284061 0.889837
-0.395285 -0.218405 0.892216
-0.387044 -0.238692 0.890631
-0.374946 -0.24692 0.893558
-0.314429 -0.337844 0.887128
-0.304494 -0.349259 0.886172
-0.290156 -0.359257 0.886986
-0.338781 -0.317547 0.885659
-0.328223 -0.328414 0.885671
-0.31724 -0.338928 0.885712
-0.359252 -0.290688 0.886814
-0.349175 -0.304916 0.88606
-0.337636 -0.314819 0.887069
-0.246144 -0.374758 0.893851
-0.237914 -0.386725 0.890978
-0.217583 -0.394829 0.892619
-0.283451 -0.35711 0.890016
-0.274253 -0.368875 0.888097
-0.256826 -0.378052 0.889448
-0.301852 -0.328304 0.895043
-0.292727 -0.343595 0.89233
-0.274439 -0.352537 0.894652
-0.403149 -0.0772977 0.911864
-0.39971 -0.106079 0.910483
-0.384011 -0.11001 0.916751
-0.428895 -0.071715 0.900503
-0.425543 -0.0984899 0.899563
-0.41344 -0.102201 0.904777
-0.432438 -0.0167402 0.901508
-0.431207 -0.0443973 0.90116
-0.419161 -0.0460976 0.906741
-0.383738 -0.186604 0.904391
-0.376812 -0.210965 0.901946
-0.360995 -0.218163 0.906691
-0.409808 -0.173809 0.89546
-0.402898 -0.196747 0.893848
-0.390718 -0.203758 0.897676
-0.421202 -0.124543 0.898375
-0.415934 -0.149695 0.89699
-0.403767 -0.155196 0.901602
-0.308423 -0.212512 0.927207
-0.301719 -0.239355 0.922862
-0.277921 -0.246118 0.92854
-0.350125 -0.199635 0.915182
-0.34323 -0.225321 0.911824
-0.323481 -0.232402 0.917251
-0.36176 -0.143814 0.921112
-0.356337 -0.172421 0.918311
-0.336492 -0.178187 0.924674
0.294767 -0.300451 0.907106
0.286492 -0.319572 0.903215
0.305571 -0.310974 0.899956
0.250603 -0.316203 0.914994
0.24311 -0.335689 0.910061
0.265662 -0.327834 0.906614
0.265039 -0.271325 0.925277
0.257933 -0.29475 0.920105
0.281298 -0.287272 0.915612
0.260628 -0.365965 0.893388
0.251988 -0.37787 0.890908
0.269493 -0.368692 0.889629
0.220133 -0.382628 0.897294
0.212602 -0.394668 0.893889
0.233006 -0.386551 0.892349
0.235506 -0.353239 0.905405
0.227837 -0.368873 0.901123
0.249387 -0.360844 0.898665
0.322877 -0.327538 0.887958
0.312726 -0.338766 0.887378
0.32383 -0.32827 0.88734
0.294972 -0.347437 0.890101
0.285474 -0.359078 0.888576
0.299895 -0.349086 0.887807
0.313806 -0.318947 0.894315
0.304487 -0.334058 0.892016
0.319555 -0.324451 0.89029
0.0792125 -0.349293 0.933659
0.076451 -0.368897 0.926321
0.107247 -0.365524 0.924603
0.0134735 -0.35281 0.935598
0.0129966 -0.372368 0.927994
0.0449419 -0.371197 0.927466
0.0144383 -0.307101 0.951568
0.0139531 -0.331078 0.9435
0.0482492 -0.329878 0.94279
0.0683897 -0.415442 0.907045
0.0658526 -0.42739 0.901666
0.0925531 -0.424191 0.900831
0.0115989 -0.418741 0.908031
0.0111439 -0.430651 0.90245
0.0386497 -0.429555 0.902213
0.0125251 -0.389831 0.920801
0.0120611 -0.405266 0.914119
0.0417269 -0.404136 0.913746
0.173994 -0.396848 0.901242
0.167853 -0.408911 0.897004
0.190853 -0.402146 0.895463
0.123024 -0.407988 0.904661
0.118562 -0.420004 0.899744
0.143713 -0.414888 0.898451
0.132354 -0.378756 0.915984
0.127664 -0.394348 0.91005
0.154579 -0.389151 0.908112
0.100895 -0.109246 0.988881
0.0985594 -0.147741 0.984103
0.136872 -0.144881 0.979937
0.0173948 -0.112163 0.993538
0.0169097 -0.150991 0.98839
0.0583771 -0.14986 0.986982
0.0181989 -0.0270099 0.999469
0.0178464 -0.0707804 0.997332
0.0612754 -0.0699273 0.995668
0.0904698 -0.248512 0.964395
0.0876499 -0.277203 0.956805
0.122573 -0.273775 0.953951
0.0154216 -0.252095 0.96758
0.0149293 -0.280798 0.959651
0.0516293 -0.27958 0.958733
0.0164151 -0.187241 0.982177
0.0159174 -0.22093 0.97516
0.0550443 -0.219725 0.974008
0.22359 -0.230542 0.947026
0.217846 -0.258642 0.941088
0.245852 -0.252466 0.935851
0.160663 -0.240895 0.957161
0.156066 -0.269438 0.950288
0.187883 -0.264343 0.945951
0.16924 -0.176899 0.969569
0.165087 -0.210049 0.963652
0.198104 -0.205406 0.958417
0.343849 -0.0858958 0.935088
0.34033 -0.117761 0.932903
0.360303 -0.11373 0.925876
0.297374 -0.0919882 0.950319
0.293826 -0.125891 0.947532
0.318195 -0.121821 0.940166
0.301228 -0.0213904 0.953312
0.299876 -0.0570295 0.952272
0.324218 -0.055093 0.944377
0.324406 -0.205867 0.923244
0.317686 -0.232155 0.919336
0.337572 -0.225054 0.914
0.278235 -0.2186 0.935307
0.271837 -0.245931 0.930388
0.295781 -0.239134 0.92484
0.289363 -0.158443 0.944015
0.284119 -0.1894 0.939896
0.308386 -0.183706 0.933354
0.392292 -0.179803 0.902097
0.385466 -0.203457 0.900012
0.397813 -0.196447 0.896188
0.362308 -0.192838 0.911892
0.355473 -0.21788 0.908937
0.371427 -0.21067 0.904245
0.373757 -0.138618 0.91711
0.368435 -0.166372 0.914645
0.384374 -0.160615 0.909098
-0.21727 -0.101253 0.970846
-0.213837 -0.13791 0.967086
-0.180269 -0.141551 0.973379
-0.277438 -0.0952377 0.956012
-0.273844 -0.130108 0.952933
-0.245027 -0.13407 0.960202
-0.281378 -0.0223502 0.959337
-0.279989 -0.0591831 0.958177
-0.25111 -0.0611318 0.966026
-0.199819 -0.236052 0.950974
-0.194412 -0.264419 0.944609
-0.162744 -0.269479 0.949155
-0.258337 -0.22486 0.939521
-0.252082 -0.252615 0.934152
-0.224229 -0.258753 0.939558
-0.26936 -0.163478 0.949063
-0.264142 -0.195113 0.944542
-0.235641 -0.20044 0.950945
-0.0606016 -0.250864 0.966123
-0.0586489 -0.279577 0.95833
-0.0219926 -0.280796 0.959515
-0.133379 -0.245136 0.96027
-0.129384 -0.273791 0.953047
-0.0945802 -0.277205 0.956144
-0.140969 -0.180664 0.97339
-0.137267 -0.214096 0.96712
-0.10063 -0.217368 0.970889
-0.161256 0.38696 0.907887
-0.167015 0.370881 0.913539
-0.139065 0.376128 0.916072
-0.211709 0.374122 0.902891
-0.218929 0.358022 0.907684
-0.193681 0.364813 0.910713
-0.197485 0.40076 0.894646
-0.20449 0.3883 0.898559
-0.180636 0.395075 0.900714
-0.184358 0.310355 0.932573
-0.190052 0.28591 0.939221
-0.158882 0.291096 0.943409
-0.240216 0.297819 0.923905
-0.247019 0.27368 0.929559
-0.219469 0.280061 0.934558
-0.226114 0.339965 0.912851
-0.233226 0.319906 0.918295
-0.206725 0.326595 0.92228
-0.0550236 0.325809 0.943833
-0.0569546 0.301304 0.951826
-0.0212036 0.302519 0.952908
-0.122072 0.320015 0.939515
-0.126135 0.29548 0.946986
-0.0920566 0.298925 0.949826
-0.11399 0.362435 0.925012
-0.118017 0.342313 0.932145
-0.0859774 0.345724 0.934389
0.271578 0.34997 0.89653
0.280173 0.334107 0.899931
0.298993 0.325337 0.897084
0.229828 0.36652 0.901578
0.237476 0.350468 0.905968
0.259653 0.34251 0.902921
0.214614 0.393126 0.894087
0.222136 0.380688 0.897626
0.243249 0.372614 0.895538
0.304727 0.275536 0.911713
0.312288 0.252367 0.915853
0.33208 0.244852 0.910917
0.259761 0.290691 0.920882
0.266785 0.266834 0.926081
0.290529 0.259716 0.920945
0.245046 0.332492 0.910715
0.252491 0.312575 0.915721
0.275562 0.304907 0.911645
0.371904 0.243014 0.895897
0.379858 0.221824 0.898055
0.392174 0.214298 0.894581
0.342075 0.259495 0.903132
0.349915 0.237229 0.906246
0.365833 0.229542 0.90193
0.325092 0.299045 0.897155
0.333775 0.280114 0.900072
0.349505 0.271467 0.896745
0.354453 0.280862 0.891897
0.363413 0.262712 0.89382
0.375588 0.254078 0.891279
0.288601 0.316419 0.903653
0.296807 0.296893 0.907612
0.316212 0.288607 0.903723
0.254246 0.376311 0.890926
0.262858 0.364016 0.893531
0.280912 0.354962 0.891679
-0.0512426 0.368108 0.92837
-0.0531174 0.348053 0.935969
-0.0197426 0.349231 0.936829
-0.172802 0.352791 0.919608
-0.178594 0.332635 0.92599
-0.148962 0.337913 0.929314
-0.15006 0.413529 0.89804
-0.155545 0.401081 0.90274
-0.129348 0.406234 0.904568
-0.0644603 -0.186024 0.980428
-0.0625467 -0.219697 0.973561
-0.0234954 -0.220919 0.975009
-0.209669 -0.172716 0.962397
-0.204945 -0.205465 0.956965
-0.172111 -0.210069 0.962418
-0.221156 -0.0238478 0.974947
-0.219771 -0.0630736 0.97351
-0.185932 -0.0649849 0.980411
0.403598 -0.12889 0.905812
0.398363 -0.154901 0.904053
0.410703 -0.149399 0.899446
0.335842 -0.14852 0.930136
0.330496 -0.177944 0.926881
0.35049 -0.172156 0.920608
0.347626 -0.0199295 0.937422
0.346305 -0.0531812 0.936613
0.366212 -0.0512989 0.929116
0.233886 -0.168091 0.957624
0.22898 -0.200337 0.952593
0.257657 -0.194969 0.946361
0.0959795 -0.183809 0.978265
0.0932606 -0.217395 0.971618
0.130062 -0.214105 0.968113
0.10395 -0.025892 0.994245
0.102793 -0.0684829 0.992343
0.141914 -0.0667403 0.987627
0.186696 -0.367449 0.911112
0.180334 -0.383115 0.905927
0.20479 -0.376325 0.903571
0.0737246 -0.386416 0.919373
0.0710367 -0.401907 0.912921
0.0997528 -0.398625 0.911673
0.0848221 -0.303516 0.949043
0.0820052 -0.327521 0.941278
0.114892 -0.324088 0.939025
0.34273 -0.300004 0.890244
0.332944 -0.314592 0.888921
0.344611 -0.304702 0.887919
0.278012 -0.336859 0.899575
0.269377 -0.352317 0.896275
0.287753 -0.343367 0.894035
0.310444 -0.256717 0.915271
0.302777 -0.279492 0.911159
0.322363 -0.271482 0.906851
-0.319947 -0.153707 0.934884
-0.31454 -0.183923 0.931255
-0.290436 -0.189583 0.937926
-0.395276 -0.134012 0.908734
-0.389923 -0.160905 0.906681
-0.374129 -0.166653 0.91228
-0.406801 -0.0180577 0.913338
-0.405528 -0.0478811 0.912828
-0.389922 -0.0496953 0.919506
-0.262863 -0.345493 0.900854
-0.254537 -0.361051 0.897136
-0.23307 -0.369064 0.899706
-0.334024 -0.309831 0.890187
-0.324345 -0.324682 0.888472
-0.309368 -0.334292 0.890247
-0.369232 -0.23389 0.899424
-0.361085 -0.255292 0.896908
-0.345379 -0.263582 0.900687
-0.0491745 -0.38871 0.920047
-0.0473787 -0.404169 0.913456
-0.0177256 -0.405276 0.914022
-0.165784 -0.373636 0.91264
-0.160042 -0.389274 0.907112
-0.133187 -0.394449 0.909214
-0.18882 -0.290568 0.938039
-0.183113 -0.31452 0.931422
-0.152901 -0.319753 0.935082
-0.272956 0.324782 0.905545
-0.280982 0.305017 0.909953
-0.258 0.31268 0.914148
-0.345583 0.290124 0.892413
-0.354545 0.271551 0.894739
-0.338916 0.28021 0.898119
-0.306857 0.347642 0.885993
-0.316758 0.335841 0.88706
-0.301995 0.345636 0.888445
-0.325471 0.115503 0.938471
-0.328827 0.0823529 0.940793
-0.304643 0.0851892 0.948649
-0.400639 0.100298 0.91073
-0.403827 0.0713389 0.91205
-0.388192 0.0740296 0.9186
-0.378538 0.206308 0.9023
-0.3853 0.181613 0.904743
-0.369483 0.188 0.910021
-0.0665412 0.142475 0.987559
-0.0682273 0.103185 0.992319
-0.0256059 0.104239 0.994223
-0.214692 0.13076 0.967889
-0.21794 0.0936959 0.971454
-0.184141 0.0964324 0.978158
-0.195618 0.259254 0.945791
-0.200979 0.230374 0.952122
-0.168514 0.235242 0.957217
0.194741 0.346613 0.91757
0.201057 0.326502 0.923565
0.227638 0.319807 0.919731
0.07732 0.365761 0.927492
0.080085 0.345685 0.934927
0.112165 0.342259 0.932887
0.0666953 0.42599 0.902266
0.0692398 0.413627 0.90781
0.0971635 0.410374 0.906726
0.239088 0.127216 0.962628
0.242325 0.0910876 0.96591
0.271396 0.0882324 0.958415
0.0992397 0.140493 0.985095
0.101453 0.101513 0.989648
0.140339 0.0992247 0.985119
0.0885082 0.272082 0.958195
0.0913106 0.242862 0.965754
0.127397 0.239494 0.962503
0.408821 0.0967367 0.907473
0.411917 0.0688451 0.908617
0.424161 0.0663274 0.903154
0.341276 0.111774 0.933294
0.344545 0.0797085 0.93538
0.364474 0.0769247 0.928031
0.319401 0.227421 0.919925
0.325968 0.200772 0.923816
0.345938 0.194404 0.917897
0.387198 0.199216 0.900217
0.393845 0.175277 0.90231
0.406189 0.16914 0.897999
0.219346 0.253598 0.942112
0.224994 0.225042 0.948016
0.253443 0.219293 0.942166
0.169547 0.407413 0.897368
0.175689 0.394941 0.901751
0.199585 0.388156 0.899723
-0.0589015 0.274458 0.959793
-0.0608546 0.245205 0.967559
-0.022702 0.246438 0.968893
-0.303345 0.234323 0.92362
-0.30993 0.20706 0.927938
-0.285897 0.213248 0.934231
-0.239827 0.385137 0.891152
-0.248058 0.372761 0.894157
-0.226993 0.380836 0.896347
-0.0567037 -0.305896 0.950375
-0.0547769 -0.329894 0.942428
-0.0205149 -0.331083 0.943378
-0.294539 -0.264363 0.918346
-0.286983 -0.287496 0.913776
-0.263741 -0.294945 0.918394
-0.332002 -0.0208776 0.943048
-0.330641 -0.055316 0.942134
-0.306477 -0.0572414 0.950155
0.377964 -0.225763 0.897872
0.369868 -0.24663 0.895752
0.382123 -0.238405 0.89283
0.211849 -0.284599 0.934946
0.205679 -0.30843 0.928745
0.232709 -0.301837 0.924522
0.245485 -0.0228904 0.96913
0.244122 -0.0609545 0.967827
0.273198 -0.0589866 0.960147
0.414797 -0.0171529 0.909752
0.413567 -0.0458467 0.909319
0.425796 -0.0441477 0.903741
-0.0703558 -0.0266766 0.997165
-0.0694417 -0.0699385 0.995131
-0.0262546 -0.0707765 0.997147
-0.0441562 0.428208 0.902601
-0.0458264 0.415872 0.908268
-0.0170069 0.416966 0.908763
0.315292 0.337273 0.887039
0.325383 0.325684 0.887725
0.336857 0.315556 0.887103
