-0.00264824 0.0994045 0.995082
-0.00244855 0.0983501 0.995186
-0.00268689 -0.0052397 0.999983
-0.00277548 -0.00519925 0.999983
-0.00275626 -0.00520785 0.999983
-0.00276823 -0.0572354 0.998357
-0.00279583 -0.0576534 0.998333
-0.00262235 -0.00529264 0.999983
-0.00259605 -0.0571751 0.998361
-0.0026795 -0.057084 0.998366
-0.00231671 0.0983468 0.995187
-0.00252312 0.0466109 0.99891
-0.0026014 0.0466144 0.99891
-0.00258554 0.098723 0.995149
-0.00268441 0.0468364 0.998899
-0.0027087 0.0473054 0.998877
-0.00270317 0.047048 0.998889
-0.00274278 0.020945 0.999777
-0.00274731 0.0210892 0.999774
-0.00264842 0.0466964 0.998906
-0.00269674 0.0207439 0.999781
-0.00272737 0.0208251 0.999779
-0.00252042 0.0984902 0.995172
-0.00258709 0.0726167 0.997349
-0.00263377 0.0728044 0.997335
-0.00255579 0.0465801 0.998912
-0.00261586 0.0206646 0.999783
-0.00265559 0.0206926 0.999782
-0.00250743 0.0467127 0.998906
-0.00257557 0.0207158 0.999782
-0.00258834 0.0206712 0.999783
-0.00228035 0.0984734 0.995175
-0.00240758 0.0726287 0.997349
-0.00243056 0.0725042 0.997358
-0.00263108 -0.057094 0.998366
-0.00258874 -0.0829601 0.996537
-0.00264867 -0.0829595 0.996537
-0.00257895 -0.0573324 0.998352
-0.00251615 -0.0832147 0.996516
-0.00254201 -0.083046 0.99653
-0.0026103 -0.00532887 0.999982
-0.00261098 -0.0313629 0.999505
-0.00262436 -0.0312509 0.999508
-0.00278914 -0.0574198 0.998346
-0.00279292 -0.0834216 0.996498
-0.00280502 -0.0837102 0.996474
-0.00272945 -0.0571278 0.998363
-0.00271021 -0.0830321 0.996531
-0.00276137 -0.0831846 0.996518
-0.00272691 -0.00522098 0.999983
-0.00273682 -0.0311835 0.99951
-0.00276887 -0.0312365 0.999508
-0.002771 -0.00520149 0.999983
-0.00278526 -0.0313393 0.999505
-0.00279027 -0.0314733 0.999501
-0.00264851 -0.005263 0.999983
-0.00265312 -0.0311878 0.99951
-0.00269426 -0.0311698 0.999511
-0.00237757 0.098301 0.995191
-0.00247332 0.0724635 0.99736
-0.00252945 0.0725058 0.997357
-0.00262946 0.0990406 0.995118
-0.00266122 0.0730774 0.997315
-0.0026709 0.0734034 0.997291
-0.00266749 0.0732373 0.997303
-0.00268627 0.060218 0.998181
-0.00268865 0.0603696 0.998172
-0.00265013 0.0729311 0.997326
-0.00267294 0.0599402 0.998198
-0.00268164 0.0600724 0.99819
-0.00261104 0.0988728 0.995134
-0.00262923 0.0859071 0.996286
-0.00264371 0.0860646 0.996273
-0.00250038 0.0724755 0.997359
-0.00254096 0.0595385 0.998222
-0.00256715 0.0595655 0.99822
-0.00244969 0.0724725 0.99736
-0.00249618 0.0595351 0.998222
-0.00251683 0.0595273 0.998223
-0.00234495 0.0983122 0.99519
-0.00239882 0.085397 0.996331
-0.00242644 0.085387 0.996332
-0.0026727 -0.0311743 0.99951
-0.00266625 -0.0441312 0.999023
-0.00268937 -0.0441301 0.999023
-0.00263678 -0.0312128 0.999509
-0.00262738 -0.0441729 0.999021
-0.00264515 -0.0441445 0.999022
-0.00263358 -0.00527692 0.999983
-0.00263894 -0.0182466 0.99983
-0.00265432 -0.0182266 0.99983
-0.00278856 -0.0314045 0.999503
-0.00279171 -0.0444812 0.999007
-0.00279361 -0.0445785 0.999002
-0.00277896 -0.0312821 0.999507
-0.00278102 -0.0443073 0.999014
-0.00278803 -0.0443889 0.999011
-0.00276535 -0.0052039 0.999983
-0.00277393 -0.0182462 0.99983
-0.0027798 -0.0182749 0.999829
-0.0027547 -0.031204 0.999509
-0.00275438 -0.0441922 0.99902
-0.00276987 -0.0442411 0.999017
-0.00271619 -0.0311728 0.99951
-0.00271285 -0.0441393 0.999022
-0.00273502 -0.0441592 0.999021
-0.00270759 -0.00522977 0.999983
-0.00271458 -0.0182023 0.999831
-0.00273429 -0.0182034 0.999831
-0.00273777 -0.0830974 0.996525
-0.00273068 -0.0960407 0.995372
-0.00275906 -0.096139 0.995363
-0.00268001 -0.0829867 0.996535
-0.00266475 -0.0959109 0.995385
-0.00269871 -0.0959649 0.99538
-0.00270514 -0.0570993 0.998365
-0.00269386 -0.0700495 0.997536
-0.00272084 -0.0700864 0.997534
-0.0028006 -0.0835629 0.996486
-0.00280923 -0.0965467 0.995323
-0.00281563 -0.096702 0.995308
-0.00277994 -0.0832935 0.996509
-0.0027822 -0.0962589 0.995351
-0.00279889 -0.0963967 0.995338
-0.00278097 -0.0573186 0.998352
-0.00278005 -0.0703142 0.997518
-0.00279013 -0.0704306 0.997509
-0.00261593 -0.0313018 0.999507
-0.00260443 -0.0442816 0.999016
-0.00261375 -0.0442187 0.999019
-0.00260848 -0.0314298 0.999503
-0.00259611 -0.0444424 0.999009
-0.00259892 -0.044358 0.999013
-0.00260806 -0.00534842 0.999982
-0.00261254 -0.0183957 0.999827
-0.00261485 -0.0183511 0.999828
-0.00252631 -0.0831219 0.996524
-0.00248756 -0.0960366 0.995373
-0.00250712 -0.0959609 0.99538
-0.00251053 -0.0833176 0.996508
-0.00246713 -0.096229 0.995355
-0.0024746 -0.0961283 0.995364
-0.00257562 -0.0574285 0.998347
-0.00254705 -0.0703863 0.997513
-0.00255129 -0.0702843 0.99752
-0.00261774 -0.0829501 0.996538
-0.00259571 -0.0958651 0.995389
-0.00263008 -0.0958776 0.995388
-0.00256309 -0.0829916 0.996535
-0.00253269 -0.095906 0.995386
-0.00256278 -0.0958741 0.995389
-0.00261138 -0.0571244 0.998364
-0.00258965 -0.0700647 0.997536
-0.0026119 -0.0700335 0.997538
-0.00241653 0.0725578 0.997354
-0.00246844 0.0596144 0.998218
-0.00247993 0.0595643 0.998221
-0.00240267 0.0727101 0.997343
-0.00245762 0.0597584 0.998209
-0.00246138 0.0596814 0.998214
-0.00227171 0.0985532 0.995167
-0.00233996 0.0856385 0.99631
-0.00234652 0.085557 0.996317
-0.0025803 0.0206896 0.999783
-0.00260169 0.0076916 0.999967
-0.00260935 0.00769051 0.999967
-0.00257317 0.0207465 0.999781
-0.00259493 0.0077024 0.999967
-0.00259719 0.00769604 0.999967
-0.00250437 0.0467798 0.998903
-0.00254292 0.0337746 0.999426
-0.00254557 0.0337231 0.999428
-0.00263473 0.0206752 0.999783
-0.00265392 0.00771267 0.999967
-0.00267424 0.00772688 0.999967
-0.0026002 0.0206628 0.999783
-0.00262067 0.00769371 0.999967
-0.00263569 0.0077013 0.999967
-0.00253735 0.0465861 0.998912
-0.00257228 0.0336278 0.999431
-0.00258908 0.033625 0.999431
-0.00261247 0.0726998 0.997343
-0.00264127 0.0597346 0.99821
-0.00265948 0.0598269 0.998204
-0.00255891 0.0725527 0.997354
-0.00259374 0.0596066 0.998218
-0.00261897 0.0596621 0.998214
-0.0024847 0.0984088 0.995181
-0.0025222 0.0854857 0.996323
-0.0025539 0.0855583 0.996317
-0.00271389 0.0207798 0.99978
-0.00273091 0.00778387 0.999966
-0.00274384 0.00780977 0.999966
-0.00267683 0.0207153 0.999782
-0.00269498 0.00774328 0.999966
-0.00271435 0.007762 0.999966
-0.00262558 0.0466495 0.998908
-0.00265352 0.0336848 0.999429
-0.00267457 0.0337228 0.999428
-0.00274581 0.0210157 0.999775
-0.00276156 0.00791103 0.999965
-0.00276305 0.00794902 0.999964
-0.0027369 0.0208806 0.999778
-0.00275297 0.00784005 0.999965
-0.00275862 0.00787421 0.999965
-0.00269595 0.0469338 0.998895
-0.00271764 0.033913 0.999421
-0.002724 0.0340046 0.999418
-0.00270687 0.047174 0.998884
-0.00272724 0.0341055 0.999415
-0.00272883 0.0342105 0.999411
-0.0026684 0.0467577 0.998903
-0.00269285 0.0337719 0.999426
-0.00270733 0.033835 0.999424
-0.00255463 0.0985949 0.995162
-0.00258325 0.0856521 0.996308
-0.0026088 0.0857685 0.996298
-0.00257759 0.0465906 0.998911
-0.00260913 0.0336352 0.999431
-0.00263115 0.0336558 0.99943
-0.0025133 0.0466544 0.998908
-0.00255073 0.0336785 0.99943
-0.00255946 0.0336457 0.999431
-0.00229487 0.0984023 0.995182
-0.00235811 0.0854853 0.996323
-0.00237567 0.0854303 0.996328
-0.00265425 -0.0570816 0.998366
-0.00263768 -0.0700223 0.997539
-0.00266556 -0.0700282 0.997538
-0.00258537 -0.0572457 0.998357
-0.0025592 -0.0701925 0.997527
-0.00257193 -0.0701179 0.997532
-0.00261475 -0.00531009 0.999982
-0.00261946 -0.0183097 0.999829
-0.00262732 -0.0182744 0.99983
-0.00279352 -0.0575338 0.99834
-0.00279578 -0.0705605 0.9975
-0.00279888 -0.0706965 0.997491
-0.00275086 -0.0571722 0.998361
-0.00274494 -0.0701414 0.99753
-0.00276492 -0.0702171 0.997524
-0.0027434 -0.00521357 0.999983
-0.00275122 -0.0182103 0.99983
-0.00276451 -0.0182244 0.99983
-0.00277396 -0.00520014 0.999983
-0.00278287 -0.0183083 0.999828
-0.00278447 -0.0183438 0.999828
-0.00266664 -0.00525069 0.999983
-0.00267291 -0.0182135 0.999831
-0.00269354 -0.0182058 0.999831
-0.00241258 0.0983139 0.99519
-0.00245714 0.0853996 0.99633
-0.0024895 0.0854329 0.996328
-0.00264091 0.09922 0.9951
-0.00265237 0.0862351 0.996258
-0.00265741 0.0864116 0.996243
-0.00265505 0.086323 0.99625
-0.00266162 0.0798241 0.996793
-0.00266354 0.0799102 0.996786
-0.0026487 0.0861487 0.996265
-0.00265631 0.0796545 0.996807
-0.0026594 0.0797385 0.9968
-0.00263595 0.0991293 0.995109
-0.00264202 0.0926398 0.995695
-0.00264633 0.0927284 0.995686
-0.0024732 0.0854138 0.996329
-0.0024942 0.0789528 0.996863
-0.00250968 0.078971 0.996861
-0.0024415 0.0853906 0.996331
-0.00246429 0.0789304 0.996865
-0.00247901 0.0789392 0.996864
-0.00239488 0.0983045 0.995191
-0.0024183 0.0918483 0.995769
-0.00243494 0.0918575 0.995768
-0.00268306 -0.0182091 0.999831
-0.00268396 -0.0246904 0.999692
-0.00269463 -0.0246881 0.999692
-0.00266327 -0.0182193 0.99983
-0.00266376 -0.0246999 0.999691
-0.00267361 -0.0246943 0.999691
-0.00265723 -0.00525666 0.999983
-0.00266109 -0.0117382 0.999928
-0.00267059 -0.0117323 0.999928
-0.00278374 -0.018326 0.999828
-0.00278698 -0.0248846 0.999686
-0.00278774 -0.0249111 0.999686
-0.00278162 -0.0182912 0.999829
-0.00278479 -0.024833 0.999688
-0.00278609 -0.0248585 0.999687
-0.00277276 -0.00520072 0.999983
-0.00277762 -0.0117468 0.999927
-0.00277885 -0.0117552 0.999927
-0.00275835 -0.0182164 0.99983
-0.0027608 -0.0247181 0.999691
-0.00276714 -0.0247312 0.99969
-0.00274317 -0.018206 0.99983
-0.00274522 -0.0246996 0.999691
-0.00275347 -0.0247077 0.999691
-0.00273557 -0.00521708 0.999983
-0.00273998 -0.0117117 0.999928
-0.00274788 -0.0117122 0.999928
-0.00275551 -0.0701766 0.997527
-0.00275283 -0.0766591 0.997046
-0.00276308 -0.0767026 0.997043
-0.00273334 -0.0701115 0.997532
-0.002729 -0.0765886 0.997051
-0.00274143 -0.0766212 0.997049
-0.0027406 -0.0571479 0.998362
-0.00273725 -0.0636312 0.997969
-0.00274814 -0.0636584 0.997967
-0.00279745 -0.0706282 0.997495
-0.00279973 -0.0771352 0.997009
-0.00280144 -0.0772067 0.997004
-0.00279344 -0.0704943 0.997505
-0.002795 -0.0769952 0.99702
-0.00279775 -0.0770645 0.997015
-0.00279172 -0.0574756 0.998343
-0.00279243 -0.0639878 0.997946
-0.00279446 -0.0640503 0.997942
-0.00262294 -0.0182912 0.999829
-0.00262231 -0.0247841 0.999689
-0.00262682 -0.0247635 0.99969
-0.0026168 -0.0183298 0.999829
-0.00261596 -0.0248321 0.999688
-0.00261871 -0.024807 0.999689
-0.00261218 -0.00531935 0.999982
-0.00261554 -0.0118253 0.999927
-0.00261815 -0.0118105 0.999927
-0.00256494 -0.0701527 0.99753
-0.00254995 -0.076619 0.99705
-0.00255766 -0.0765838 0.997052
-0.00255469 -0.0702367 0.997524
-0.00253848 -0.0767039 0.997043
-0.00254357 -0.0766593 0.997047
-0.00258168 -0.0572874 0.998355
-0.0025691 -0.0637645 0.997961
-0.00257316 -0.0637213 0.997964
-0.00265146 -0.0700233 0.997538
-0.00264257 -0.0764896 0.997059
-0.00265741 -0.0764956 0.997059
-0.00262443 -0.0700256 0.997538
-0.00261405 -0.0764908 0.997059
-0.00262805 -0.0764879 0.997059
-0.00264231 -0.0570858 0.998366
-0.0026339 -0.0635571 0.997974
-0.00264646 -0.0635534 0.997974
-0.00236614 0.0854553 0.996326
-0.00239522 0.0789936 0.99686
-0.00240375 0.0789689 0.996862
-0.00235159 0.0855194 0.99632
-0.00238232 0.0790574 0.996855
-0.00238807 0.0790233 0.996858
-0.00228672 0.0984363 0.995178
-0.00231955 0.0919786 0.995757
-0.00232689 0.0919445 0.99576
-0.0025546 0.0336604 0.99943
-0.00257022 0.027171 0.999628
-0.00257487 0.0271594 0.999628
-0.00254775 0.0336996 0.999429
-0.00256368 0.0272024 0.999627
-0.00256652 0.0271855 0.999627
-0.00250992 0.046682 0.998907
-0.00252982 0.040193 0.999189
-0.00253297 0.0401683 0.99919
-0.00261999 0.0336444 0.999431
-0.00263324 0.0271642 0.999628
-0.00264407 0.0271746 0.999627
-0.00259877 0.0336287 0.999431
-0.00261268 0.0271492 0.999628
-0.00262271 0.0271556 0.999628
-0.00256634 0.0465835 0.998912
-0.00258329 0.0401069 0.999192
-0.00259406 0.0401137 0.999192
-0.00259659 0.0857075 0.996304
-0.00261003 0.07923 0.996841
-0.0026211 0.0792881 0.996836
-0.00256896 0.0856025 0.996313
-0.00258463 0.0791307 0.996849
-0.00259783 0.0791775 0.996845
-0.00253781 0.0985396 0.995168
-0.00255334 0.0920717 0.995748
-0.00256885 0.0921242 0.995743
-0.0027006 0.0338016 0.999425
-0.0027113 0.0273022 0.999624
-0.00271776 0.0273309 0.999623
-0.00268413 0.0337458 0.999427
-0.00269543 0.0272538 0.999625
-0.00270383 0.0272765 0.999624
-0.00265885 0.0467251 0.998905
-0.00267191 0.0402363 0.999187
-0.002681 0.0402658 0.999186
-0.00272811 0.0341578 0.999413
-0.00273766 0.0276077 0.999615
-0.00273836 0.0276528 0.999614
-0.00272594 0.0340542 0.999416
-0.00273557 0.027519 0.999618
-0.00273682 0.0275629 0.999616
-0.00270538 0.0471099 0.998887
-0.00271582 0.0405846 0.999173
-0.0027172 0.0406427 0.99917
-0.00272127 0.0339573 0.99942
-0.0027311 0.0274361 0.99962
-0.00273371 0.0274766 0.999619
-0.00271301 0.0338722 0.999423
-0.0027232 0.0273629 0.999622
-0.00272763 0.0273981 0.999621
-0.00269075 0.0468828 0.998897
-0.00270215 0.0403789 0.999181
-0.00270704 0.0404251 0.999179
-0.00275619 0.00785671 0.999965
-0.00276284 0.00132723 0.999995
-0.00276526 0.00133653 0.999995
-0.00274887 0.00782438 0.999966
-0.00275557 0.00130945 0.999995
-0.00275964 0.00131819 0.999995
-0.00273262 0.0208516 0.999779
-0.0027412 0.0143386 0.999893
-0.00274537 0.014361 0.999893
-0.00276237 0.00792996 0.999965
-0.00276901 0.0013654 0.999995
-0.0027697 0.00137517 0.999995
-0.00276037 0.00789238 0.999965
-0.002767 0.00134603 0.999995
-0.0027682 0.00135567 0.999995
-0.00274459 0.0209798 0.999776
-0.00275288 0.0144373 0.999892
-0.00275408 0.0144648 0.999892
-0.00266431 0.0337026 0.999429
-0.00267625 0.0272161 0.999626
-0.00268619 0.0272338 0.999626
-0.0026424 0.0336692 0.99943
-0.00265499 0.0271867 0.999627
-0.00266579 0.0272005 0.999627
-0.00261356 0.0466306 0.998909
-0.00262856 0.0401506 0.999191
-0.00264009 0.0401679 0.99919
-0.00270494 0.00775231 0.999966
-0.00271192 0.00126357 0.999996
-0.00272128 0.00127054 0.999995
-0.00268467 0.00773482 0.999966
-0.00269172 0.00125013 0.999996
-0.00270199 0.00125678 0.999996
-0.00266627 0.0207033 0.999782
-0.00267618 0.0142193 0.999895
-0.00268657 0.0142295 0.999895
-0.00273785 0.00779628 0.999966
-0.00274463 0.00129295 0.999995
-0.00275058 0.00130103 0.999995
-0.00272305 0.00777248 0.999966
-0.00272993 0.00127774 0.999995
-0.00273774 0.00128519 0.999995
-0.00270573 0.0207608 0.999781
-0.00271496 0.0142669 0.999895
-0.00272294 0.0142822 0.999894
-0.00253826 0.0855195 0.99632
-0.00255589 0.0790526 0.996855
-0.00257059 0.0790891 0.996852
-0.00250589 0.0854569 0.996325
-0.00252525 0.0789937 0.99686
-0.00254072 0.0790208 0.996857
-0.00246663 0.0983767 0.995184
-0.00248631 0.0919175 0.995762
-0.00250349 0.091948 0.995759
-0.00260663 0.0596324 0.998216
-0.00262235 0.0531531 0.998583
-0.00263406 0.0531805 0.998582
-0.00258051 0.0595843 0.998219
-0.0025975 0.0531086 0.998586
-0.0026101 0.0531292 0.998584
-0.00254424 0.0725272 0.997356
-0.00256271 0.0660573 0.997809
-0.00257663 0.0660812 0.997807
-0.00265095 0.0597781 0.998207
-0.00266418 0.0532878 0.998576
-0.00267213 0.0533331 0.998573
-0.00263057 0.059696 0.998212
-0.00264503 0.0532118 0.99858
-0.00265512 0.0532474 0.998578
-0.00260022 0.0726557 0.997346
-0.00261558 0.0661774 0.997801
-0.00262701 0.0662188 0.997798
-0.00258022 0.0336246 0.999431
-0.00259478 0.0271441 0.999628
-0.00260332 0.0271453 0.999628
-0.00256535 0.0336348 0.999431
-0.00258051 0.0271511 0.999628
-0.00258715 0.027146 0.999628
-0.00252968 0.0465961 0.998911
-0.00254839 0.0401166 0.999192
-0.00255565 0.040108 0.999192
-0.00262773 0.00769698 0.999967
-0.00263507 0.00121365 0.999996
-0.00264297 0.00121917 0.999996
-0.00261454 0.00769155 0.999967
-0.00262199 0.00120355 0.999996
-0.00262807 0.00120843 0.999996
-0.00259378 0.0206657 0.999783
-0.00260513 0.0141791 0.999896
-0.00261137 0.0141786 0.999896
-0.00266391 0.00771947 0.999967
-0.00267103 0.00123723 0.999996
-0.00268132 0.00124361 0.999996
-0.00264446 0.00770657 0.999967
-0.00265168 0.00122497 0.999996
-0.00266109 0.001231 0.999996
-0.00262496 0.0206689 0.999783
-0.00263556 0.014188 0.999896
-0.00264514 0.0141941 0.999896
-0.00254402 0.0337484 0.999427
-0.00256013 0.0272418 0.999626
-0.0025616 0.0272214 0.999626
-0.00254196 0.0338013 0.999426
-0.00255819 0.0272846 0.999624
-0.00255909 0.027263 0.999625
-0.00250326 0.0468146 0.998901
-0.00252365 0.0403115 0.999184
-0.00252467 0.0402804 0.999186
-0.00259587 0.00769908 0.999967
-0.0026035 0.00118043 0.999996
-0.00260482 0.00118374 0.999996
-0.00259413 0.00770584 0.999967
-0.00260179 0.00117401 0.999996
-0.00260258 0.0011772 0.999996
-0.00257231 0.0207625 0.999781
-0.00258429 0.0142358 0.999895
-0.00258512 0.0142259 0.999895
-0.00260509 0.00769056 0.999967
-0.00261263 0.00119478 0.999996
-0.00261685 0.001199 0.999996
-0.00259909 0.00769349 0.999967
-0.0026067 0.0011872 0.999996
-0.00260927 0.00119087 0.999996
-0.00257757 0.0207019 0.999782
-0.00258938 0.0141986 0.999896
-0.00259203 0.0141914 0.999896
-0.00234276 0.085597 0.996314
-0.00237462 0.0791351 0.996849
-0.00237789 0.079095 0.996852
-0.00233749 0.0856807 0.996307
-0.00237009 0.0792191 0.996842
-0.00237221 0.0791768 0.996846
-0.00226839 0.0985943 0.995163
-0.0023034 0.0921384 0.995742
-0.00230627 0.0920967 0.995746
-0.00245921 0.0597192 0.998211
-0.00248344 0.0532354 0.998579
-0.00248538 0.0531998 0.998581
-0.00245624 0.0597982 0.998207
-0.00248079 0.0533102 0.998575
-0.00248202 0.0532725 0.998577
-0.00240084 0.0727522 0.99734
-0.00242958 0.0662788 0.997795
-0.00243116 0.0662375 0.997798
-0.00247359 0.0595869 0.998219
-0.00249649 0.0531105 0.998586
-0.00250234 0.0530892 0.998587
-0.0024644 0.0596462 0.998216
-0.00248811 0.0531665 0.998583
-0.00249177 0.0531365 0.998584
-0.00241145 0.0725915 0.997351
-0.00243884 0.0661212 0.997805
-0.00244334 0.0660882 0.997807
-0.00260026 -0.0700464 0.997537
-0.00258833 -0.0765114 0.997058
-0.00260075 -0.0764985 0.997059
-0.00258018 -0.0700885 0.997534
-0.00256667 -0.076554 0.997055
-0.00257692 -0.0765299 0.997056
-0.00260313 -0.0571471 0.998363
-0.00259237 -0.0636195 0.99797
-0.00260117 -0.0635961 0.997971
-0.00254728 -0.0958872 0.995387
-0.00253249 -0.102342 0.994784
-0.00254923 -0.102328 0.994785
-0.00251924 -0.0959307 0.995383
-0.00250184 -0.102385 0.994779
-0.00251661 -0.102361 0.994782
-0.00255192 -0.083016 0.996533
-0.00253605 -0.0894746 0.995973
-0.00254829 -0.0894501 0.995975
-0.00261279 -0.0958687 0.995389
-0.00260237 -0.102324 0.994785
-0.00262053 -0.102334 0.994784
-0.00257899 -0.0958668 0.995389
-0.00256659 -0.102321 0.994786
-0.00258435 -0.10232 0.994786
-0.0026029 -0.0829526 0.996538
-0.00259116 -0.089411 0.995978
-0.0026069 -0.089409 0.995978
-0.00254883 -0.0703346 0.997517
-0.00253181 -0.0768028 0.997036
-0.00253462 -0.0767521 0.997039
-0.0025455 -0.0704387 0.997509
-0.00252796 -0.0769079 0.997027
-0.00252976 -0.076855 0.997032
-0.00257441 -0.0574779 0.998344
-0.00256099 -0.0639622 0.997948
-0.00256235 -0.0639109 0.997951
-0.00247034 -0.0961779 0.99536
-0.0024476 -0.102631 0.994754
-0.00245239 -0.102582 0.994759
-0.00246429 -0.0962806 0.99535
-0.00244058 -0.102732 0.994744
-0.00244385 -0.102681 0.994749
-0.00250844 -0.0833705 0.996503
-0.0024871 -0.0898275 0.995941
-0.00248954 -0.0897751 0.995946
-0.00249652 -0.0959964 0.995377
-0.00247672 -0.102451 0.994773
-0.00248847 -0.102416 0.994776
-0.00248027 -0.0960809 0.995369
-0.00245869 -0.102535 0.994764
-0.00246677 -0.102491 0.994768
-0.00252056 -0.0831666 0.99652
-0.00250106 -0.0896252 0.995959
-0.00250756 -0.0895807 0.995963
-0.00261349 -0.0183731 0.999828
-0.00261255 -0.0248865 0.999687
-0.00261396 -0.0248587 0.999688
-0.00261172 -0.0184186 0.999827
-0.00261071 -0.0249438 0.999685
-0.00261156 -0.024915 0.999686
-0.00260727 -0.0053583 0.999982
-0.00261058 -0.0118896 0.999926
-0.00261138 -0.0118732 0.999926
-0.00259728 -0.0443996 0.999011
-0.00258814 -0.0508928 0.998701
-0.00258991 -0.050848 0.998704
-0.0025951 -0.0444857 0.999007
-0.00258578 -0.0509857 0.998697
-0.00258688 -0.050939 0.998699
-0.00260759 -0.031464 0.999502
-0.00260238 -0.0379783 0.999275
-0.00260332 -0.0379392 0.999277
-0.00260857 -0.0442482 0.999018
-0.00260023 -0.0507299 0.99871
-0.00260575 -0.0506985 0.998711
-0.00260125 -0.0443184 0.999014
-0.00259241 -0.0508053 0.998706
-0.00259582 -0.0507657 0.998708
-0.00261307 -0.0313313 0.999506
-0.00260815 -0.037827 0.999281
-0.00261115 -0.0377935 0.999282
-0.0027857 -0.0703703 0.997514
-0.00278614 -0.076865 0.99703
-0.00279119 -0.0769284 0.997025
-0.00277312 -0.070263 0.997521
-0.00277208 -0.0767516 0.997039
-0.00277978 -0.0768059 0.997035
-0.00277519 -0.0572745 0.998355
-0.00277423 -0.0637706 0.99796
-0.00278052 -0.0638184 0.997957
-0.00279138 -0.0963259 0.995344
-0.00279448 -0.102808 0.994735
-0.00280289 -0.102881 0.994728
-0.00277138 -0.0961964 0.995357
-0.00277217 -0.102674 0.994749
-0.00278422 -0.102739 0.994742
-0.00277133 -0.0832364 0.996514
-0.00277106 -0.0897178 0.99595
-0.00278072 -0.0897776 0.995945
-0.00281261 -0.096624 0.995316
-0.00281869 -0.103114 0.994704
-0.00282228 -0.103194 0.994695
-0.00280477 -0.0964706 0.99533
-0.00280951 -0.102957 0.99472
-0.00281462 -0.103035 0.994712
-0.00279736 -0.083491 0.996492
-0.00280063 -0.0899824 0.995926
-0.00280444 -0.0900565 0.995919
-0.00270762 -0.0700659 0.997535
-0.0027017 -0.0765382 0.997055
-0.00271571 -0.076561 0.997054
-0.00267977 -0.070037 0.997537
-0.00267235 -0.0765057 0.997058
-0.00268719 -0.0765198 0.997057
-0.00269238 -0.0570901 0.998366
-0.00268649 -0.0635649 0.997973
-0.00269989 -0.0635758 0.997972
-0.00268189 -0.0959352 0.995382
-0.00267504 -0.102396 0.994778
-0.00269293 -0.102428 0.994774
-0.00264744 -0.0958917 0.995387
-0.00263874 -0.102349 0.994783
-0.00265694 -0.10237 0.99478
-0.00266439 -0.0829709 0.996536
-0.00265603 -0.0894327 0.995976
-0.00267249 -0.0894501 0.995974
-0.00274543 -0.0960871 0.995368
-0.00274349 -0.102559 0.994761
-0.00275851 -0.102614 0.994755
-0.00271503 -0.096 0.995376
-0.00271044 -0.102466 0.99477
-0.00272738 -0.10251 0.994766
-0.00272441 -0.0830621 0.996528
-0.00271971 -0.0895324 0.995967
-0.00273415 -0.0895704 0.995963
-0.0027247 -0.0182022 0.999831
-0.00272635 -0.02469 0.999691
-0.00273613 -0.0246938 0.999691
-0.00270412 -0.0182035 0.999831
-0.00270539 -0.0246873 0.999692
-0.00271603 -0.0246879 0.999692
-0.00269731 -0.00523461 0.999983
-0.00270144 -0.0117192 0.999928
-0.00271178 -0.0117162 0.999928
-0.0027242 -0.0441478 0.999022
-0.00272135 -0.0506308 0.998714
-0.00273266 -0.0506446 0.998713
-0.00270117 -0.0441334 0.999022
-0.00269731 -0.0506127 0.998715
-0.0027095 -0.0506203 0.998715
-0.00270528 -0.0311704 0.999511
-0.00270385 -0.0376525 0.999287
-0.00271511 -0.0376567 0.999287
-0.00276266 -0.0442145 0.999019
-0.0027617 -0.0507092 0.99871
-0.00276933 -0.0507397 0.998709
-0.00274513 -0.0441738 0.99902
-0.00274326 -0.050662 0.998713
-0.00275298 -0.0506834 0.998711
-0.00274618 -0.0311923 0.99951
-0.00274613 -0.0376838 0.999286
-0.00275498 -0.0376989 0.999286
-0.00277727 -0.0182599 0.999829
-0.00278031 -0.0247859 0.999689
-0.00278291 -0.0248087 0.999688
-0.00276969 -0.0182344 0.99983
-0.00277249 -0.024747 0.99969
-0.00277686 -0.0247653 0.999689
-0.00276127 -0.00520566 0.999983
-0.00276597 -0.0117204 0.999927
-0.00277011 -0.0117256 0.999927
-0.00278501 -0.0443464 0.999013
-0.00278546 -0.0508589 0.998702
-0.0027887 -0.0509068 0.9987
-0.00277599 -0.0442721 0.999016
-0.00277583 -0.0507749 0.998707
-0.00278119 -0.0508148 0.998705
-0.00277442 -0.0312577 0.999508
-0.00277556 -0.0377662 0.999283
-0.00278032 -0.0377963 0.999282
-0.00279274 -0.0445296 0.999005
-0.0027938 -0.051065 0.998692
-0.00279475 -0.0511199 0.998689
-0.00279021 -0.0444341 0.999009
-0.00279106 -0.0509577 0.998697
-0.00279268 -0.0510107 0.998695
-0.00278722 -0.0313712 0.999504
-0.00278898 -0.0379051 0.999278
-0.00279039 -0.0379457 0.999276
-0.00264618 -0.0182357 0.99983
-0.00264623 -0.0247177 0.999691
-0.00265459 -0.0247077 0.999691
-0.00263265 -0.0182595 0.99983
-0.00263231 -0.0247455 0.99969
-0.00263879 -0.0247303 0.999691
-0.0026275 -0.00528455 0.999983
-0.00263105 -0.0117724 0.999927
-0.0026372 -0.011762 0.999927
-0.00263578 -0.0441567 0.999022
-0.00262899 -0.0506329 0.998714
-0.00263882 -0.0506203 0.998715
-0.00262002 -0.0441936 0.99902
-0.00261239 -0.0506718 0.998712
-0.00262015 -0.0506499 0.998714
-0.00263006 -0.0312302 0.999509
-0.00262594 -0.037713 0.999285
-0.00263295 -0.0376938 0.999286
-0.00267766 -0.0441293 0.999023
-0.00267279 -0.0506062 0.998716
-0.002685 -0.0506081 0.998715
-0.00265535 -0.0441362 0.999022
-0.0026495 -0.050612 0.998715
-0.00266089 -0.0506074 0.998716
-0.00266257 -0.0311798 0.99951
-0.00265974 -0.0376587 0.999287
-0.00267022 -0.0376534 0.999288
-0.00241216 0.0853891 0.996331
-0.00243699 0.0789287 0.996865
-0.00245023 0.0789268 0.996865
-0.00238661 0.0854108 0.99633
-0.00241362 0.0789497 0.996863
-0.00242474 0.0789363 0.996864
-0.00233015 0.0983267 0.995189
-0.00235867 0.0918694 0.995767
-0.00237213 0.0918553 0.995768
-0.002506 0.0595286 0.998223
-0.00252672 0.053056 0.998589
-0.00253695 0.0530549 0.998589
-0.00248747 0.059547 0.998222
-0.00250934 0.053073 0.998588
-0.00251749 0.0530619 0.998588
-0.00243951 0.0724855 0.997359
-0.00246416 0.0660179 0.997812
-0.00247354 0.0660054 0.997813
-0.0025539 0.0595502 0.998221
-0.00257216 0.0530767 0.998587
-0.00258478 0.0530911 0.998587
-0.00252854 0.0595307 0.998222
-0.00254804 0.0530583 0.998588
-0.00255984 0.0530657 0.998588
-0.00248651 0.0724671 0.99736
-0.00250797 0.0660004 0.997813
-0.00252108 0.0660085 0.997812
-0.00263724 0.0859838 0.99628
-0.00264639 0.0794948 0.996819
-0.00265202 0.0795729 0.996813
-0.00261973 0.0858352 0.996293
-0.0026309 0.0793518 0.996831
-0.00263935 0.0794208 0.996825
-0.0025991 0.0987954 0.995142
-0.00260917 0.0923159 0.995725
-0.00261986 0.0923906 0.995718
-0.00267786 0.0600042 0.998194
-0.00268899 0.0534988 0.998565
-0.00269238 0.0535627 0.998561
-0.00266682 0.059881 0.998201
-0.00267892 0.0533835 0.998571
-0.00268453 0.0534389 0.998568
-0.0026426 0.0728651 0.997331
-0.00265465 0.0663748 0.997788
-0.0026614 0.0664376 0.997784
-0.00268756 0.0602935 0.998176
-0.0026976 0.05377 0.99855
-0.00269853 0.0538414 0.998546
-0.00268438 0.060144 0.998185
-0.00269482 0.0536298 0.998557
-0.00269648 0.0536992 0.998554
-0.00266488 0.0731561 0.997309
-0.00267432 0.0666527 0.997769
-0.00267652 0.0667306 0.997764
-0.00266932 0.0733201 0.997297
-0.00267804 0.0668101 0.997759
-0.00267934 0.0668901 0.997753
-0.00265633 0.0730021 0.997321
-0.00266689 0.0665053 0.997779
-0.00267116 0.0665773 0.997774
-0.00262118 0.0989548 0.995126
-0.00262891 0.09247 0.995711
-0.00263628 0.0925533 0.995703
-0.00251476 0.0724885 0.997358
-0.00253471 0.0660209 0.997812
-0.00254866 0.0660372 0.99781
-0.002461 0.0724652 0.99736
-0.00248405 0.0659985 0.997813
-0.00249557 0.0659969 0.997813
-0.00236085 0.0983036 0.995191
-0.00238669 0.091847 0.995769
-0.00240215 0.0918447 0.995769
-0.00268332 -0.0311711 0.999511
-0.0026812 -0.0376508 0.999288
-0.00269248 -0.0376506 0.999288
-0.00264448 -0.0311988 0.99951
-0.00264098 -0.0376785 0.999287
-0.00264995 -0.0376669 0.999287
-0.0026406 -0.00526974 0.999983
-0.0026443 -0.0117529 0.999927
-0.00265229 -0.011745 0.999927
-0.00278949 -0.0314387 0.999502
-0.00279136 -0.0379873 0.999275
-0.00279218 -0.0380294 0.999273
-0.00278255 -0.0313094 0.999506
-0.00278408 -0.0378297 0.999281
-0.00278693 -0.0378662 0.999279
-0.00276857 -0.00520253 0.999983
-0.00277337 -0.0117318 0.999927
-0.00277584 -0.0117389 0.999927
-0.00276229 -0.0312186 0.999509
-0.00276288 -0.0377175 0.999285
-0.00276975 -0.03774 0.999284
-0.00272677 -0.031177 0.99951
-0.00272603 -0.0376631 0.999287
-0.00273643 -0.037672 0.999287
-0.00271753 -0.00522522 0.999983
-0.00272178 -0.0117139 0.999928
-0.00273124 -0.0117124 0.999928
-0.00275014 -0.0831382 0.996522
-0.00274763 -0.089614 0.995959
-0.00275999 -0.0896631 0.995955
-0.00269535 -0.083007 0.996533
-0.0026887 -0.0894725 0.995972
-0.0027045 -0.0894998 0.99597
-0.00271757 -0.0571118 0.998364
-0.00271295 -0.0635903 0.997972
-0.00272547 -0.0636086 0.99797
-0.00280296 -0.0836362 0.99648
-0.00280726 -0.090132 0.995912
-0.00280977 -0.0902081 0.995906
-0.00278714 -0.0833555 0.996504
-0.00278887 -0.0898421 0.995939
-0.00279549 -0.0899107 0.995933
-0.00278559 -0.0573672 0.99835
-0.0027856 -0.063871 0.997953
-0.00278953 -0.0639277 0.99795
-0.00261967 -0.0312749 0.999507
-0.00261507 -0.037763 0.999284
-0.00261998 -0.0377361 0.999285
-0.00260951 -0.0313959 0.999504
-0.00260441 -0.0379005 0.999278
-0.00260595 -0.0378629 0.99928
-0.00260898 -0.00533859 0.999982
-0.00261231 -0.0118568 0.999926
-0.00261364 -0.0118408 0.999926
-0.00253346 -0.0830814 0.996527
-0.00251558 -0.0895403 0.995967
-0.0025251 -0.0895048 0.99597
-0.00251291 -0.0832654 0.996512
-0.0024923 -0.0897234 0.99595
-0.00249603 -0.0896731 0.995955
-0.00257701 -0.0573798 0.998349
-0.00256391 -0.0638603 0.997955
-0.00256607 -0.0638112 0.997958
-0.00263306 -0.0829525 0.996538
-0.00262307 -0.089412 0.995978
-0.00263951 -0.0894199 0.995977
-0.00257541 -0.0829731 0.996536
-0.00256167 -0.0894314 0.995976
-0.00257602 -0.0894184 0.995978
-0.00262072 -0.0571068 0.998365
-0.00261111 -0.0635781 0.997973
-0.00262206 -0.0635652 0.997973
-0.00242289 0.0725284 0.997356
-0.00244904 0.0660596 0.997809
-0.00245598 0.066036 0.997811
-0.00240475 0.0726686 0.997346
-0.00243297 0.0661968 0.9978
-0.00243544 0.0661577 0.997803
-0.0022755 0.0985126 0.995171
-0.00230952 0.0920556 0.99575
-0.00231383 0.092016 0.995753
-0.00258386 0.0206792 0.999783
-0.00259549 0.0141856 0.999896
-0.00259984 0.0141814 0.999896
-0.00257416 0.0207308 0.999782
-0.00258608 0.0142162 0.999896
-0.00258744 0.014207 0.999896
-0.00250565 0.0467456 0.998904
-0.00252585 0.0402498 0.999187
-0.0025275 0.0402204 0.999188
-0.00264501 0.0206831 0.999783
-0.00265524 0.0142015 0.999896
-0.00266566 0.0142099 0.999895
-0.00260758 0.0206625 0.999783
-0.00261857 0.01418 0.999896
-0.00262666 0.0141832 0.999896
-0.00254608 0.0465809 0.998912
-0.00256395 0.0401036 0.999193
-0.0025732 0.0401034 0.999193
-0.00262369 0.0727493 0.997339
-0.00263739 0.0662653 0.997795
-0.00264663 0.0663174 0.997792
-0.00257326 0.0725825 0.997351
-0.00259022 0.066109 0.997806
-0.00260327 0.0661409 0.997803
-0.00250267 0.0984466 0.995177
-0.00252048 0.0919838 0.995756
-0.00253716 0.0920249 0.995752
-0.00272112 0.0208012 0.99978
-0.00273 0.0142992 0.999894
-0.00273609 0.0143179 0.999894
-0.00268705 0.0207288 0.999782
-0.00269663 0.0142408 0.999895
-0.00270615 0.0142532 0.999895
-0.00263727 0.0466714 0.998907
-0.00265129 0.0401877 0.999189
-0.00266195 0.0402104 0.999188
-0.00274663 0.0210523 0.999775
-0.00275489 0.0144927 0.999891
-0.00275557 0.0145208 0.999891
-0.00274026 0.0209118 0.999778
-0.00274865 0.0143851 0.999893
-0.00275111 0.0144107 0.999892
-0.00270006 0.046989 0.998892
-0.00271088 0.0404751 0.999177
-0.00271377 0.0405285 0.999175
-0.00270787 0.0472394 0.99888
-0.00271812 0.0407019 0.999168
-0.00271888 0.0407616 0.999166
-0.00267695 0.0467948 0.998901
-0.00268912 0.0402993 0.999184
-0.00269618 0.0403369 0.999183
-0.00257063 0.098656 0.995156
-0.00258347 0.0921824 0.995737
-0.00259698 0.0922464 0.995731
-0.00258934 0.046601 0.998911
-0.00260533 0.0401234 0.999192
-0.0026169 0.0401358 0.999191
-0.00251767 0.0466305 0.99891
-0.00253707 0.040147 0.999191
-0.00254219 0.0401297 0.999192
-0.0023049 0.0983722 0.995185
-0.00233589 0.0919145 0.995763
-0.00234653 0.0918892 0.995765
-0.00266671 -0.0570811 0.998366
-0.00265956 -0.0635536 0.997974
-0.00267297 -0.0635575 0.997974
-0.00259014 -0.0572081 0.998359
-0.00257835 -0.0636824 0.997966
-0.00258475 -0.0636483 0.997968
-0.00261812 -0.00530117 0.999982
-0.00262155 -0.0117967 0.999927
-0.00262584 -0.0117839 0.999927
-0.00279476 -0.0575933 0.998336
-0.00279589 -0.0641143 0.997938
-0.00279711 -0.0641789 0.997934
-0.0027601 -0.0572013 0.998359
-0.00275799 -0.0636905 0.997965
-0.00276671 -0.0637279 0.997963
-0.00275031 -0.00521049 0.999983
-0.00275487 -0.0117137 0.999928
-0.0027609 -0.0117165 0.999928
-0.00277479 -0.00519967 0.999983
-0.00277969 -0.0117639 0.999927
-0.0027804 -0.0117727 0.999927
-0.0026766 -0.00524505 0.999983
-0.00268061 -0.0117272 0.999928
-0.00269097 -0.0117229 0.999928
-0.0024305 0.0983292 0.995189
-0.00245192 0.0918722 0.995766
-0.00246908 0.0918922 0.995764
-0.00264481 0.099312 0.995091
-0.00264956 0.0928184 0.995678
-0.00265242 0.092909 0.99567
