0.999985 1.0049 0.0354345
1.06567 1.00301 0.023948
1.06145 1.06338 0.00363755
0.995623 1.06745 0.0180167
-0.0705384 1.01709 0.126746
-0.00300692 1.01711 0.127336
-0.0030132 1.08535 0.127934
-0.0703453 1.08532 0.127274
-0.0723983 -0.0671746 0.121356
-0.00293398 -0.0671669 0.121234
-0.00293619 0.000155686 0.121348
-0.0724147 0.000154113 0.121475
1.04694 -0.070055 0.188502
1.1177 -0.0704925 0.196229
1.11809 -0.000160736 0.197305
1.0473 -0.000123462 0.189481
0.484213 -0.067619 0.137588
0.554135 -0.0677913 0.142315
0.554271 8.11953e-05 0.142707
0.484326 9.95157e-05 0.137917
0.477337 -0.609021 0.122588
0.54594 -0.6095 0.12276
0.547527 -0.541944 0.126491
0.478672 -0.541368 0.125408
1.02601 -0.617581 0.125912
1.09458 -0.619297 0.126628
1.099 -0.552853 0.140623
1.03002 -0.550991 0.138464
-0.630461 -0.0680099 0.144186
-0.560332 -0.0677994 0.139293
-0.560477 7.29568e-05 0.139688
-0.630632 5.02337e-05 0.144651
-0.620393 -0.610122 0.119686
-0.551794 -0.6095 0.119834
-0.553444 -0.541946 0.123542
-0.622335 -0.542682 0.124412
-0.0715359 -0.60797 0.121415
-0.00292644 -0.607956 0.121608
-0.0029265 -0.540042 0.121426
-0.071703 -0.540061 0.121294
-0.607744 1.01437 0.0912419
-0.541067 1.01514 0.0986865
-0.539087 1.08272 0.0945865
-0.605411 1.08167 0.0858504
-0.624583 0.475373 0.13074
-0.555364 0.474591 0.12892
-0.553897 0.54221 0.12576
-0.62285 0.54294 0.126657
-0.0719319 0.472543 0.123057
-0.00296101 0.472523 0.123128
-0.00296592 0.540338 0.123545
-0.0717899 0.540355 0.123418
0.468552 1.01572 0.107574
0.535496 1.01512 0.101303
0.533582 1.0827 0.0971656
0.466942 1.08351 0.104566
0.480174 0.473974 0.129889
0.549315 0.474594 0.131815
0.547897 0.542211 0.128626
0.478984 0.541641 0.127531
1.03451 0.483907 0.151935
1.10395 0.48579 0.155432
1.09995 0.553086 0.143025
1.03089 0.551226 0.140819
0.757006 0.477507 0.139135
0.826328 0.478862 0.142063
0.823767 0.546277 0.13468
0.754765 0.544968 0.13291
0.763403 0.205489 0.156503
0.833644 0.206308 0.162588
0.832317 0.274817 0.158931
0.762244 0.273777 0.153406
1.04492 0.209289 0.182644
1.11545 0.210391 0.189664
1.11336 0.28002 0.183573
1.04302 0.278615 0.177179
0.20397 0.472718 0.124652
0.272976 0.472893 0.125606
0.27236 0.540664 0.125109
0.203516 0.540509 0.124553
0.205253 0.202358 0.124903
0.274723 0.202487 0.127005
0.274407 0.270001 0.126771
0.205021 0.269841 0.124879
0.483557 0.203244 0.136573
0.553353 0.203656 0.140825
0.552622 0.271459 0.139216
0.482945 0.270943 0.135381
0.199528 1.01692 0.12401
0.266937 1.01675 0.121195
0.2661 1.08488 0.120628
0.198912 1.0851 0.123954
0.201929 0.744368 0.124276
0.270203 0.74441 0.123467
0.269411 0.812446 0.122899
0.201347 0.812453 0.124199
0.474834 0.744701 0.119436
0.54296 0.744891 0.117597
0.541153 0.812435 0.113611
0.473312 0.812428 0.116527
-0.34798 0.473148 0.124986
-0.27893 0.472894 0.124162
-0.278308 0.540666 0.123677
-0.347175 0.540893 0.123994
-0.350259 0.202669 0.127798
-0.280686 0.202486 0.125522
-0.28037 0.27 0.125295
-0.349848 0.270227 0.127306
-0.0723303 0.202225 0.121973
-0.00294476 0.20221 0.121885
-0.0029483 0.26966 0.122134
-0.0722593 0.269679 0.122194
-0.901955 0.480374 0.140473
-0.832541 0.478844 0.137705
-0.82986 0.546265 0.130376
-0.898913 0.547758 0.131943
-0.910637 0.207192 0.164106
-0.840186 0.206283 0.158064
-0.838802 0.274791 0.15444
-0.909064 0.275949 0.159902
-0.629519 0.204154 0.142215
-0.559537 0.203649 0.137838
-0.558783 0.271453 0.136247
-0.628626 0.272089 0.140168
-0.87283 1.00898 0.0534195
-0.806784 1.01071 0.0639897
-0.803231 1.0766 0.0536349
-0.868839 1.07409 0.0410004
-0.888395 0.747415 0.101396
-0.820591 0.746633 0.104294
-0.817232 0.812867 0.0945789
-0.884586 0.813186 0.089919
-0.616831 0.745163 0.112436
-0.54879 0.744898 0.114832
-0.546919 0.812445 0.110881
-0.61463 0.812474 0.107262
-0.345975 -0.608406 0.120492
-0.277365 -0.608221 0.120736
-0.278075 -0.54038 0.121529
-0.34689 -0.540611 0.121833
-0.341796 -0.880106 0.114718
-0.274125 -0.880209 0.117424
-0.274977 -0.812138 0.11826
-0.342895 -0.812116 0.116195
-0.070774 -0.880359 0.122174
-0.00292785 -0.880368 0.122634
-0.00292731 -0.812179 0.122343
-0.0709742 -0.812176 0.121953
-0.894734 -0.614404 0.119851
-0.826155 -0.613052 0.119679
-0.829135 -0.546022 0.128013
-0.89811 -0.54752 0.129529
-0.879624 -0.87798 0.0744234
-0.812791 -0.878302 0.0809683
-0.816273 -0.812336 0.0912295
-0.883548 -0.812609 0.0865516
-0.611588 -0.879306 0.098401
-0.544292 -0.879573 0.103281
-0.546264 -0.812054 0.10758
-0.6139 -0.812054 0.103951
-0.912308 -0.0692451 0.168511
-0.841655 -0.0688789 0.161816
-0.841918 -3.62235e-05 0.162523
-0.912606 -7.0872e-05 0.169308
-0.906524 -0.344412 0.152951
-0.836559 -0.343019 0.148276
-0.838405 -0.274776 0.153208
-0.908618 -0.275985 0.158631
-0.627159 -0.339779 0.136124
-0.557535 -0.339019 0.132812
-0.558549 -0.271276 0.135129
-0.628356 -0.271946 0.139027
0.751714 -0.61189 0.123622
0.820292 -0.613059 0.124071
0.823132 -0.546031 0.132449
0.754202 -0.544717 0.130711
0.74052 -0.878655 0.0910471
0.807569 -0.878302 0.0851587
0.810882 -0.812339 0.095473
0.743446 -0.812173 0.0996268
1.0081 -0.877541 0.0659506
1.07484 -0.877396 0.0593363
1.07998 -0.814016 0.0776439
1.01275 -0.813482 0.0821787
0.202902 -0.608093 0.122073
0.271512 -0.608218 0.122199
0.272206 -0.540376 0.123
0.203412 -0.540218 0.122444
0.200573 -0.880283 0.120637
0.268341 -0.88021 0.118846
0.269176 -0.812138 0.119693
0.201186 -0.812156 0.120986
0.471254 -0.879796 0.110114
0.538722 -0.879575 0.106104
0.54062 -0.812055 0.110431
0.472854 -0.812071 0.113342
0.205505 -0.0672342 0.124574
0.275063 -0.0672923 0.12692
0.27512 0.000138411 0.127105
0.205546 0.00014631 0.124728
0.204664 -0.337098 0.123518
0.273912 -0.337287 0.125144
0.274332 -0.269722 0.125727
0.204971 -0.26955 0.123838
0.48197 -0.338401 0.132521
0.551457 -0.339014 0.135811
0.55243 -0.271269 0.138139
0.482785 -0.270725 0.134318
0.764643 -0.0685389 0.159685
0.835064 -0.0688677 0.166404
0.835311 -2.04576e-05 0.167106
0.764859 9.19371e-06 0.160301
0.760399 -0.341778 0.148036
0.830209 -0.343024 0.152814
0.831969 -0.274778 0.157769
0.761938 -0.273694 0.152271
1.04003 -0.347582 0.168638
1.11005 -0.34927 0.17419
1.11282 -0.280185 0.182274
1.04253 -0.278726 0.175917
-0.350687 -0.0673783 0.127999
-0.281013 -0.0672963 0.125421
-0.281076 0.000134993 0.125608
-0.350767 0.000123598 0.128226
-0.349149 -0.337561 0.125319
-0.279824 -0.337292 0.123653
-0.280255 -0.269727 0.124232
-0.349707 -0.269971 0.126234
-0.0721153 -0.336908 0.121135
-0.0029281 -0.336885 0.121117
-0.00292914 -0.269354 0.121092
-0.0722172 -0.269375 0.121148
-0.340099 1.01652 0.115868
-0.272841 1.01676 0.119871
-0.271997 1.08489 0.119321
-0.339007 1.08457 0.114663
-0.34436 0.744478 0.120651
-0.276133 0.744413 0.122079
-0.275335 0.81245 0.121527
-0.343327 0.812444 0.11947
-0.0712921 0.74433 0.124709
-0.00298241 0.744325 0.125024
-0.00298836 0.812464 0.125578
-0.0711094 0.812464 0.125196
0.735418 1.01214 0.0774145
0.801761 1.01067 0.0678527
0.798376 1.07654 0.057431
0.732435 1.07862 0.068848
0.747018 0.745998 0.110915
0.814922 0.746623 0.108418
0.811718 0.812848 0.0986387
0.744205 0.812644 0.102793
1.01837 0.749367 0.100662
1.08614 0.750469 0.0980606
1.08113 0.814717 0.0808368
1.01383 0.814131 0.0853609
0.882772 0.747403 0.105856
0.950582 0.748328 0.103264
0.94651 0.813598 0.0898629
0.879148 0.813163 0.094307
0.889639 0.614733 0.12712
0.958294 0.616263 0.127777
0.954527 0.682557 0.115941
0.886284 0.681271 0.116834
1.02695 0.617919 0.128501
1.09561 0.619647 0.12926
1.09099 0.685446 0.114237
1.02276 0.683967 0.11508
0.611036 0.745155 0.115543
0.679057 0.745516 0.113303
0.676604 0.812524 0.106707
0.608919 0.812462 0.110327
0.615015 0.610417 0.125389
0.683675 0.611212 0.125688
0.681422 0.678423 0.119659
0.613076 0.677815 0.120586
0.752331 0.612193 0.126071
0.820985 0.613369 0.126548
0.818023 0.680144 0.117759
0.749737 0.679194 0.118708
0.60229 1.01434 0.094175
0.66893 1.01336 0.0862032
0.666329 1.0803 0.0792942
0.600046 1.08164 0.0887391
0.606743 0.879755 0.104997
0.674086 0.879484 0.09995
0.671522 0.946423 0.0930986
0.604527 0.947047 0.0996014
0.741321 0.879183 0.0944452
0.808446 0.878878 0.0885415
0.805123 0.944793 0.0782455
0.738386 0.94567 0.0859618
-0.207875 0.744371 0.123234
-0.139592 0.744344 0.124112
-0.139215 0.812461 0.124392
-0.207294 0.812457 0.123169
-0.208963 0.608387 0.123391
-0.140298 0.608307 0.123611
-0.139955 0.676289 0.12385
-0.208433 0.676344 0.123308
-0.0716345 0.608263 0.123815
-0.00297115 0.608248 0.124002
-0.00297666 0.676248 0.124497
-0.0714679 0.676258 0.124247
-0.480694 0.744707 0.117014
-0.412549 0.744572 0.118959
-0.411261 0.812438 0.117003
-0.479127 0.812436 0.114135
-0.483631 0.609315 0.122496
-0.414963 0.608957 0.122703
-0.413788 0.676744 0.120867
-0.482201 0.677001 0.119813
-0.346296 0.608697 0.122929
-0.277629 0.608513 0.123162
-0.276901 0.676431 0.122626
-0.345353 0.67656 0.121809
-0.474227 1.01574 0.105276
-0.407233 1.01619 0.111004
-0.405871 1.08413 0.108992
-0.47257 1.08353 0.102301
-0.477518 0.880188 0.111206
-0.409938 0.880335 0.115016
-0.408592 0.948256 0.113014
-0.47588 0.947958 0.108247
-0.342266 0.880447 0.118275
-0.274515 0.88053 0.120974
-0.273682 0.948637 0.120422
-0.341187 0.948478 0.117073
-0.210551 -0.337102 0.122401
-0.141319 -0.336978 0.121563
-0.141524 -0.26944 0.12169
-0.210866 -0.269554 0.122718
-0.20975 -0.47243 0.121705
-0.140795 -0.472312 0.121346
-0.141075 -0.4046 0.121447
-0.210177 -0.404725 0.122061
-0.0718566 -0.472246 0.121207
-0.00292679 -0.472224 0.121283
-0.00292732 -0.404506 0.12118
-0.0719946 -0.404529 0.121154
-0.487997 -0.338407 0.129901
-0.418537 -0.337926 0.127402
-0.419233 -0.270301 0.128721
-0.488844 -0.270731 0.131689
-0.485847 -0.473722 0.125436
-0.41677 -0.473237 0.124146
-0.417713 -0.40557 0.125869
-0.486993 -0.406069 0.127806
-0.347732 -0.472875 0.123099
-0.278727 -0.472612 0.122287
-0.279312 -0.404918 0.123
-0.348488 -0.405193 0.124268
-0.490333 -0.0676261 0.134949
-0.420455 -0.0674869 0.131179
-0.420556 0.000109534 0.131455
-0.490455 9.26912e-05 0.135281
-0.489522 -0.203042 0.13314
-0.419789 -0.202689 0.129801
-0.420199 -0.135085 0.130625
-0.490021 -0.135339 0.134232
-0.350153 -0.202417 0.126994
-0.2806 -0.202214 0.124727
-0.280854 -0.134741 0.125125
-0.350481 -0.134889 0.127586
0.900092 -0.344422 0.157879
0.970038 -0.345952 0.163176
0.972281 -0.277315 0.169659
0.902087 -0.275991 0.163585
0.895049 -0.480228 0.143183
0.964375 -0.481938 0.146447
0.967389 -0.414177 0.155414
0.897734 -0.412514 0.151056
1.03372 -0.48377 0.14983
1.10309 -0.48567 0.153278
1.10679 -0.41779 0.164498
1.03708 -0.415951 0.159917
0.621022 -0.339775 0.139506
0.690669 -0.340694 0.143589
0.692004 -0.272748 0.147142
0.622168 -0.271941 0.142421
0.618117 -0.475148 0.132109
0.687288 -0.47613 0.134528
0.689089 -0.408493 0.139366
0.619665 -0.407512 0.136052
0.756501 -0.477306 0.137193
0.825756 -0.478675 0.140086
0.828127 -0.411 0.146899
0.758577 -0.409656 0.14299
0.624178 -0.0680008 0.147596
0.694347 -0.0682498 0.153399
0.694534 3.60585e-05 0.153935
0.624338 6.00593e-05 0.148057
0.623085 -0.204022 0.144761
0.693072 -0.204674 0.149983
0.693857 -0.136497 0.152077
0.623758 -0.136036 0.146493
0.763171 -0.205435 0.155647
0.833379 -0.206304 0.161711
0.834416 -0.137648 0.164599
0.764078 -0.137035 0.158128
0.343206 -0.337555 0.127185
0.412556 -0.337921 0.129644
0.413227 -0.270295 0.13097
0.343746 -0.269966 0.128105
0.34183 -0.47287 0.124949
0.410848 -0.473233 0.126367
0.411759 -0.405565 0.128101
0.342565 -0.405188 0.126126
0.479899 -0.473718 0.12803
0.548988 -0.47435 0.129943
0.550304 -0.406707 0.133065
0.481004 -0.406064 0.130414
0.0662556 -0.336906 0.121507
0.135449 -0.336975 0.122307
0.13565 -0.269437 0.122436
0.0663548 -0.269374 0.121521
0.0660011 -0.472245 0.121576
0.134934 -0.47231 0.122085
0.135209 -0.404597 0.122189
0.0661372 -0.404528 0.121525
0.203879 -0.472427 0.122814
0.272843 -0.472608 0.123766
0.273414 -0.404913 0.124485
0.204298 -0.404722 0.123174
0.0665251 -0.0671736 0.12173
0.135998 -0.0671955 0.122844
0.136025 0.000151796 0.122975
0.0665371 0.000154914 0.121848
0.0664334 -0.201918 0.121565
0.13581 -0.201971 0.122571
0.135926 -0.134563 0.122708
0.0664904 -0.134524 0.121635
0.205215 -0.202066 0.124125
0.274666 -0.202209 0.126225
0.274911 -0.134737 0.126625
0.205394 -0.134633 0.124372
0.336053 -0.880108 0.116493
0.403694 -0.879972 0.11358
0.405019 -0.812093 0.115864
0.337123 -0.812117 0.117984
0.333866 -1.01616 0.113492
0.400987 -1.01579 0.10897
0.402347 -0.947872 0.111279
0.334964 -0.948125 0.114994
0.467984 -1.01529 0.103586
0.534844 -1.01464 0.09734
0.536792 -0.947105 0.101733
0.469626 -0.947537 0.106857
0.0649228 -0.880359 0.122531
0.132762 -0.880331 0.121865
0.133164 -0.812168 0.121859
0.0651229 -0.812176 0.122312
0.0645139 -1.0168 0.122999
0.131939 -1.01674 0.121902
0.132352 -0.948525 0.121881
0.0647192 -0.948573 0.122762
0.199321 -1.01661 0.119955
0.266638 -1.01643 0.117152
0.267493 -0.94831 0.117999
0.19995 -0.94844 0.120294
0.065683 -0.607969 0.121781
0.134293 -0.608013 0.121935
0.134627 -0.540116 0.122
0.065849 -0.54006 0.121661
0.0653177 -0.74404 0.12211
0.133557 -0.744051 0.121866
0.133934 -0.675995 0.121891
0.0655052 -0.675966 0.121932
0.201783 -0.744072 0.121341
0.269988 -0.744108 0.120537
0.27077 -0.676131 0.121375
0.202357 -0.676048 0.121704
0.874507 -0.877978 0.0789496
0.94134 -0.877722 0.0725144
0.945516 -0.812999 0.0866894
0.878234 -0.812611 0.0911391
0.866958 -1.00815 0.0538328
0.932985 -1.00611 0.043033
0.937152 -0.942054 0.0579069
0.870746 -0.943119 0.0664686
0.998854 -1.00398 0.031809
1.06448 -1.00201 0.0203895
1.06966 -0.94005 0.0402164
1.00343 -0.941032 0.0491078
0.606093 -0.879308 0.10157
0.67336 -0.878998 0.0965368
0.675921 -0.812088 0.103538
0.608311 -0.812056 0.107153
0.601557 -1.01381 0.090241
0.66812 -1.01277 0.0823042
0.670753 -0.945887 0.0894425
0.603836 -0.946559 0.0959207
0.734534 -1.01149 0.0735569
0.800809 -1.00996 0.0640433
0.804208 -0.944149 0.0746488
0.737544 -0.945082 0.0823336
0.614538 -0.610123 0.122979
0.683129 -0.610914 0.123261
0.685292 -0.543602 0.129136
0.6164 -0.542682 0.127731
0.610471 -0.744788 0.112623
0.678418 -0.745127 0.110379
0.680829 -0.67808 0.116981
0.612554 -0.677485 0.11792
0.746304 -0.745584 0.107983
0.814129 -0.746181 0.105475
0.817278 -0.679768 0.115045
0.74907 -0.678837 0.116014
-0.766672 -0.341777 0.143885
-0.696871 -0.340696 0.139824
-0.698268 -0.272752 0.143361
-0.768285 -0.273696 0.148101
-0.762589 -0.477302 0.133096
-0.693334 -0.476129 0.130809
-0.695218 -0.408493 0.135622
-0.764764 -0.409653 0.138865
-0.624126 -0.475149 0.128766
-0.554965 -0.474353 0.126975
-0.556335 -0.406712 0.13008
-0.625742 -0.407515 0.132689
-1.04664 -0.347558 0.162928
-0.976556 -0.345935 0.157857
-0.978911 -0.277303 0.16431
-1.04926 -0.278707 0.170172
-1.04001 -0.483743 0.144214
-0.970606 -0.481919 0.141211
-0.973773 -0.414157 0.150134
-1.04354 -0.415924 0.15425
-0.901229 -0.480214 0.138328
-0.831888 -0.478667 0.135611
-0.834375 -0.410993 0.14239
-0.904048 -0.412502 0.146161
-1.0539 -0.0700664 0.182713
-0.983065 -0.0696434 0.175505
-0.9834 -0.000107998 0.176395
-1.05428 -0.000147074 0.1837
-1.05137 -0.209447 0.175918
-0.980801 -0.208327 0.169433
-0.982193 -0.139079 0.173177
-1.05293 -0.139868 0.180111
-0.910297 -0.207273 0.163146
-0.839884 -0.206306 0.157134
-0.840974 -0.137655 0.160013
-0.911534 -0.138337 0.16645
-0.74584 -0.878653 0.0871949
-0.678771 -0.878996 0.0930252
-0.681449 -0.812085 0.0999872
-0.748908 -0.81217 0.0957288
-0.739566 -1.0115 0.0697989
-0.673293 -1.01277 0.0788729
-0.676046 -0.945886 0.0859708
-0.74272 -0.945083 0.0785282
-0.60686 -1.01381 0.08714
-0.540263 -1.01464 0.0945728
-0.542287 -0.947102 0.0989374
-0.609235 -0.946557 0.0927857
-1.01299 -0.87755 0.0607585
-0.946345 -0.877726 0.0676545
-0.95075 -0.812998 0.0817594
-1.01791 -0.813484 0.0769067
-1.00321 -1.004 0.0267768
-0.937527 -1.00612 0.0383142
-0.941927 -0.942063 0.0531176
-1.00806 -0.941045 0.0439963
-0.871673 -1.00816 0.0494312
-0.805688 -1.00996 0.059962
-0.80926 -0.944152 0.0705125
-0.875663 -0.943124 0.0620043
-1.03189 -0.617562 0.120419
-0.963313 -0.61592 0.120104
-0.967103 -0.549181 0.131171
-1.03611 -0.550967 0.132906
-1.02273 -0.748814 0.0923106
-0.955083 -0.747813 0.0952862
-0.959289 -0.682128 0.108106
-1.02741 -0.683511 0.106852
-0.887405 -0.746924 0.09825
-0.819683 -0.746176 0.101179
-0.82299 -0.679762 0.1107
-0.89115 -0.680867 0.109389
-0.206388 -0.880282 0.119569
-0.138599 -0.880331 0.121153
-0.139006 -0.812168 0.121142
-0.207011 -0.812155 0.11991
-0.205118 -1.01661 0.118903
-0.13777 -1.01673 0.1212
-0.138186 -0.948524 0.121174
-0.205756 -0.948438 0.119234
-0.0703653 -1.0168 0.122648
-0.00292912 -1.01683 0.123247
-0.00292846 -0.948588 0.122937
-0.0705705 -0.948573 0.122408
-0.47689 -0.879793 0.107638
-0.409388 -0.87997 0.111454
-0.410754 -0.812092 0.113719
-0.478547 -0.81207 0.110843
-0.473506 -1.01529 0.101156
-0.406599 -1.01578 0.106881
-0.408 -0.947869 0.109171
-0.475206 -0.947535 0.104404
-0.339553 -1.01615 0.111746
-0.272386 -1.01642 0.115752
-0.27326 -0.948308 0.116588
-0.34068 -0.948122 0.113233
-0.48319 -0.609023 0.120027
-0.414583 -0.608666 0.120252
-0.415723 -0.540934 0.122264
-0.484574 -0.541371 0.12283
-0.48016 -0.744367 0.113997
-0.412085 -0.744246 0.115954
-0.413366 -0.676436 0.118139
-0.481713 -0.676686 0.11707
-0.343965 -0.744163 0.117657
-0.275807 -0.744108 0.119094
-0.276606 -0.676133 0.119922
-0.344996 -0.676257 0.119094
-0.752732 0.746007 0.107128
-0.684812 0.745524 0.109856
-0.682255 0.812538 0.103309
-0.749789 0.81266 0.0990633
-0.758287 0.612189 0.122178
-0.689626 0.61121 0.122148
-0.687278 0.678425 0.116164
-0.755576 0.679197 0.114867
-0.620964 0.610417 0.122201
-0.552298 0.609793 0.122323
-0.550589 0.677351 0.118663
-0.618949 0.677818 0.117438
-1.02389 0.749385 0.0955317
-0.956157 0.748343 0.098468
-0.951868 0.813626 0.0851484
-1.01911 0.814165 0.0803206
-1.03294 0.617906 0.123197
-0.964271 0.616252 0.122826
-0.96031 0.682559 0.111066
-1.02852 0.683969 0.109861
-0.895608 0.614725 0.122521
-0.826947 0.613363 0.122302
-0.823843 0.680146 0.113573
-0.892085 0.681273 0.112303
-1.00448 1.00497 0.0306673
-0.93874 1.00702 0.0422559
-0.934352 1.07109 0.0275248
-0.999864 1.06753 0.0133338
-1.01422 0.878336 0.064347
-0.9475 0.878448 0.0712374
-0.943112 0.942875 0.0568835
-1.00931 0.941931 0.0477429
-0.880704 0.878641 0.0780031
-0.813798 0.878907 0.0845466
-0.810311 0.94483 0.0743162
-0.876783 0.943867 0.06579
-0.769845 0.205471 0.152367
-0.699621 0.20476 0.147069
-0.698577 0.272856 0.144528
-0.768637 0.273758 0.149299
-0.771214 0.0685454 0.155795
-0.700804 0.0683122 0.149893
-0.700367 0.136569 0.148865
-0.770709 0.137052 0.154541
-0.63053 0.0681131 0.144473
-0.560391 0.0679473 0.139573
-0.560076 0.13581 0.138953
-0.630157 0.136155 0.143657
-1.05179 0.209239 0.176946
-0.98118 0.208183 0.170426
-0.979408 0.277214 0.165623
-1.04981 0.278561 0.171528
-1.05404 0.069782 0.183061
-0.983194 0.0694357 0.17584
-0.982449 0.138896 0.173843
-1.05321 0.139612 0.180802
-0.912423 0.0691103 0.168834
-0.841758 0.0688121 0.162128
-0.841177 0.137605 0.160636
-0.911763 0.138222 0.167094
-1.04089 0.483868 0.146474
-0.971408 0.482061 0.143412
-0.967988 0.549416 0.133641
-1.03708 0.551199 0.135434
-1.04731 0.347491 0.1646
-0.977163 0.345913 0.159478
-0.974482 0.414213 0.152051
-1.04432 0.415948 0.156224
-0.90707 0.344432 0.154523
-0.837047 0.34308 0.149803
-0.834948 0.411109 0.144205
-0.904688 0.412588 0.148025
-0.211184 0.202357 0.123792
-0.141738 0.202273 0.122609
-0.14159 0.269737 0.12274
-0.210955 0.269841 0.123773
-0.211441 0.0675248 0.123714
-0.141903 0.0674976 0.122357
-0.141843 0.134865 0.122483
-0.211347 0.134923 0.123775
-0.0724087 0.0674825 0.121616
-0.00293871 0.0674779 0.121493
-0.00294157 0.134822 0.121672
-0.0723804 0.134833 0.121782
-0.489673 0.203239 0.133965
-0.419917 0.202916 0.130614
-0.419403 0.270535 0.129806
-0.489044 0.270939 0.132789
-0.490384 0.0678129 0.135224
-0.420498 0.0677069 0.13145
-0.420284 0.135308 0.131167
-0.490122 0.13553 0.134783
-0.350722 0.067626 0.128266
-0.281042 0.0675665 0.125685
-0.280911 0.135012 0.125655
-0.350552 0.135138 0.128121
-0.486193 0.473973 0.127357
-0.417066 0.4735 0.126048
-0.416061 0.54121 0.12444
-0.484967 0.541641 0.125025
-0.488247 0.338626 0.131275
-0.418749 0.338168 0.128759
-0.417967 0.405821 0.127498
-0.487291 0.406304 0.129454
-0.349326 0.337821 0.126662
-0.279968 0.337567 0.124984
-0.279486 0.405196 0.124602
-0.348701 0.405459 0.125882
0.338449 0.744473 0.122385
0.406661 0.744567 0.121038
0.405403 0.812431 0.119056
0.337433 0.812438 0.121183
0.340352 0.608694 0.124701
0.409019 0.608955 0.124829
0.407871 0.67674 0.12297
0.339426 0.676556 0.123562
0.477686 0.609313 0.124976
0.546352 0.609792 0.125157
0.5447 0.677348 0.121463
0.476297 0.676997 0.122264
0.0653295 0.744329 0.125056
0.133636 0.744342 0.124806
0.133252 0.812459 0.12508
0.065136 0.812463 0.12554
0.0656922 0.608262 0.12417
0.134356 0.608306 0.12432
0.134005 0.676287 0.124552
0.0655156 0.676257 0.124598
0.20302 0.608385 0.124455
0.271686 0.60851 0.124579
0.270964 0.676428 0.124029
0.202489 0.676341 0.124361
0.0645314 1.01709 0.127078
0.132051 1.01703 0.12597
0.131645 1.08524 0.126276
0.0643269 1.08532 0.127602
0.0649373 0.880644 0.126041
0.132857 0.880622 0.125368
0.132456 0.948816 0.125666
0.0647353 0.948857 0.126556
0.200749 0.880583 0.124131
0.268598 0.880524 0.12233
0.267771 0.948631 0.121762
0.200141 0.948743 0.124068
0.344254 0.202671 0.129654
0.413861 0.202919 0.132846
0.413357 0.270537 0.132024
0.343848 0.270228 0.129153
0.344715 0.0676297 0.130137
0.414434 0.0677118 0.133699
0.414222 0.135312 0.133408
0.344544 0.135141 0.129986
0.484253 0.0678192 0.137854
0.554184 0.0679554 0.142585
0.553877 0.135818 0.141954
0.483996 0.135535 0.137403
0.0664362 0.202225 0.122343
0.13583 0.202273 0.123349
0.135677 0.269737 0.123476
0.0663585 0.269679 0.122562
0.0665261 0.0674831 0.121989
0.136005 0.0674989 0.123102
0.13594 0.134866 0.123226
0.0664923 0.134833 0.122153
0.205517 0.0675267 0.124833
0.275082 0.0675692 0.127179
0.274949 0.135014 0.127145
0.205419 0.134925 0.12489
0.0660079 0.472543 0.123417
0.134982 0.472605 0.123924
0.134683 0.54041 0.12411
0.065857 0.540355 0.123775
0.0662604 0.337209 0.122812
0.135483 0.337274 0.123611
0.13525 0.404894 0.123759
0.066143 0.404828 0.123096
0.204727 0.337389 0.124823
0.274007 0.337567 0.12645
0.273528 0.405195 0.126057
0.204375 0.405012 0.124744
0.903987 0.207224 0.16902
0.974419 0.208224 0.175732
0.972724 0.277257 0.170886
0.902482 0.275983 0.164778
0.905701 0.0691345 0.1738
0.976349 0.0694649 0.181204
0.975634 0.138932 0.179183
0.905067 0.138251 0.172038
1.04707 0.0698169 0.188825
1.11784 0.0701813 0.196562
1.11696 0.140406 0.194007
1.04627 0.139656 0.186538
0.623257 0.204164 0.145582
0.693273 0.204774 0.15082
0.692269 0.27287 0.148254
0.622395 0.272099 0.143514
0.624236 0.0681234 0.147871
0.694415 0.0683251 0.153679
0.693992 0.136582 0.152636
0.623874 0.136166 0.147042
0.764722 0.0685614 0.159972
0.835154 0.068832 0.166698
0.834595 0.137628 0.165187
0.764234 0.13707 0.1587
0.6185 0.475379 0.134
0.68773 0.476347 0.136442
0.685787 0.543858 0.131309
0.616831 0.542943 0.129882
0.621303 0.339953 0.140867
0.690996 0.340843 0.144972
0.689475 0.408673 0.141017
0.619998 0.407715 0.13768
0.760775 0.341895 0.149446
0.830637 0.343105 0.154255
0.82863 0.411131 0.148612
0.75902 0.409812 0.14467
0.895691 0.480398 0.145198
0.96509 0.482092 0.148505
0.961832 0.549438 0.138665
0.89279 0.547775 0.136607
0.900575 0.344465 0.159355
0.970579 0.345955 0.164691
0.968021 0.414251 0.157207
0.8983 0.412618 0.152807
1.04063 0.347544 0.170195
1.11071 0.349189 0.175789
1.10756 0.417804 0.166382
1.03778 0.415996 0.161755
0.342009 0.473147 0.126791
0.411074 0.4735 0.128217
0.410091 0.541209 0.126588
0.341217 0.540891 0.125784
0.343334 0.337821 0.128496
0.412718 0.33817 0.130963
0.411953 0.405822 0.129685
0.342718 0.405459 0.127703
0.482169 0.33863 0.13385
0.551696 0.339219 0.137154
0.550588 0.406931 0.134674
0.481241 0.406306 0.132008
0.334257 1.01651 0.117519
0.401468 1.01618 0.112979
0.400137 1.08411 0.110941
0.333183 1.08456 0.116293
0.33639 0.88044 0.119967
0.40411 0.880326 0.117044
0.402795 0.948245 0.115016
0.335328 0.948469 0.118745
0.471749 0.880177 0.113567
0.539295 0.879987 0.109545
0.537405 0.94755 0.105435
0.470158 0.947944 0.110577
-0.209909 0.472719 0.123569
-0.140912 0.472606 0.123203
-0.140619 0.540411 0.123395
-0.209457 0.540511 0.12348
-0.210663 0.33739 0.123724
-0.141401 0.337274 0.122879
-0.141174 0.404895 0.123032
-0.210313 0.405013 0.123653
-0.0721682 0.337209 0.122446
-0.00295218 0.337188 0.122424
-0.00295642 0.404807 0.122755
-0.0720586 0.404828 0.122733
-0.763172 0.477495 0.135144
-0.693852 0.476338 0.132817
-0.691828 0.543852 0.127725
-0.760831 0.544959 0.128966
-0.767105 0.341876 0.145373
-0.697253 0.340831 0.141276
-0.69567 0.408662 0.137355
-0.765274 0.409796 0.140636
-0.627494 0.339945 0.137546
-0.557826 0.339214 0.134207
-0.55668 0.406926 0.131751
-0.626139 0.407708 0.134388
-0.740596 1.01218 0.0738585
-0.674252 1.01339 0.0829571
-0.671539 1.08034 0.0760996
-0.737474 1.07866 0.065351
-0.746773 0.879207 0.0907724
-0.679629 0.879503 0.0966018
-0.676955 0.946449 0.0898012
-0.743702 0.945701 0.0823471
-0.612369 0.879772 0.101976
-0.544997 0.880001 0.106853
-0.543041 0.947567 0.10278
-0.610068 0.947069 0.096624
-0.208755 -0.608095 0.120976
-0.140145 -0.608015 0.121204
-0.140484 -0.540118 0.121265
-0.209274 -0.54022 0.121341
-0.207617 -0.744073 0.120258
-0.139402 -0.744052 0.121144
-0.139783 -0.675996 0.121164
-0.208201 -0.676049 0.120614
-0.0711693 -0.74404 0.121749
-0.00292687 -0.744037 0.122071
-0.00292657 -0.675958 0.121824
-0.0713572 -0.675967 0.121568
-0.757572 -0.611885 0.119597
-0.688986 -0.610911 0.119602
-0.691247 -0.5436 0.125446
-0.76018 -0.544713 0.126648
-0.751903 -0.74558 0.10404
-0.68406 -0.745124 0.10679
-0.68658 -0.678077 0.113357
-0.754802 -0.678832 0.112029
-0.616152 -0.744786 0.109389
-0.548184 -0.744541 0.111801
-0.550034 -0.677027 0.115902
-0.618324 -0.677483 0.114656
-0.771124 -0.0685496 0.155492
-0.700725 -0.0682597 0.149599
-0.700924 2.44564e-05 0.150139
-0.771354 -4.38608e-06 0.156113
-0.769577 -0.205439 0.151464
-0.699386 -0.20468 0.14619
-0.700209 -0.136506 0.148278
-0.770529 -0.137043 0.153937
-0.629314 -0.204029 0.141357
-0.559361 -0.203485 0.136998
-0.559958 -0.135656 0.138392
-0.630019 -0.136044 0.143084
0.888868 -0.614415 0.12461
0.957441 -0.615935 0.12523
0.961043 -0.549199 0.136355
0.892079 -0.547533 0.134339
0.881899 -0.746929 0.102897
0.949626 -0.747818 0.100285
0.953618 -0.682139 0.11317
0.885459 -0.680875 0.114094
1.01733 -0.748819 0.09766
1.08502 -0.749882 0.0950331
1.0899 -0.684976 0.111397
1.02176 -0.683523 0.112275
0.340122 -0.608403 0.12232
0.40873 -0.608664 0.122446
0.409834 -0.540931 0.124472
0.341013 -0.540608 0.123673
0.338166 -0.744163 0.11946
0.406309 -0.744246 0.118116
0.407551 -0.676435 0.120318
0.339169 -0.676256 0.12091
0.474411 -0.744368 0.116517
0.542467 -0.744542 0.114679
0.544247 -0.677028 0.118805
0.475911 -0.676686 0.119611
0.34469 -0.0673732 0.129876
0.414402 -0.0674808 0.133436
0.414495 0.000115098 0.133709
0.344764 0.000128034 0.130101
0.344177 -0.202411 0.128869
0.413763 -0.202682 0.132055
0.414157 -0.135079 0.132882
0.344493 -0.134883 0.129463
0.483437 -0.203034 0.135775
0.553208 -0.203478 0.140016
0.553779 -0.135649 0.141415
0.483915 -0.135332 0.13687
0.905599 -0.0692336 0.173497
0.976234 -0.0696318 0.180891
0.97655 -8.72152e-05 0.181775
0.90588 -5.27069e-05 0.174288
0.903687 -0.207274 0.168119
0.974081 -0.208332 0.174804
0.975406 -0.139076 0.17856
0.904864 -0.138332 0.171433
1.04454 -0.209458 0.181687
1.11504 -0.210623 0.188678
1.11667 -0.140687 0.193344
1.04602 -0.139868 0.185896
-0.211419 -0.0672372 0.123451
-0.141887 -0.0671975 0.122096
-0.141918 0.000150174 0.122228
-0.211466 0.000143823 0.123607
-0.211117 -0.20207 0.123003
-0.141689 -0.201974 0.121824
-0.14181 -0.134566 0.12196
-0.211303 -0.134636 0.123249
-0.0722989 -0.201919 0.121191
-0.00293046 -0.201901 0.121105
-0.00293207 -0.134512 0.121153
-0.0723595 -0.134526 0.121261
-0.20548 1.01693 0.123016
-0.138038 1.01703 0.125306
-0.137639 1.08525 0.12562
-0.204866 1.08511 0.122971
-0.206698 0.880587 0.123112
-0.138828 0.880624 0.124688
-0.138435 0.948819 0.124994
-0.206091 0.948748 0.123062
-0.0709218 0.880645 0.125702
-0.00299446 0.880651 0.126153
-0.00300067 0.94887 0.126741
-0.0707309 0.948858 0.12622
0.867974 1.00893 0.0575867
0.93406 1.00696 0.046725
0.929901 1.07101 0.0319122
0.864181 1.07403 0.0450929
0.875458 0.878607 0.0823179
0.942365 0.878407 0.0758699
0.938204 0.942822 0.061434
0.871731 0.943822 0.0700312
1.0092 0.878288 0.0692956
1.07602 0.878205 0.0626725
1.07084 0.940959 0.0436746
1.00455 0.941869 0.0525997
-1.11748 0.349124 0.169812
-1.11418 0.417746 0.160475
-1.12026 0.279955 0.177533
-1.11039 0.485742 0.149602
-1.10618 0.553052 0.13728
-1.12494 0.0701402 0.190397
-1.12402 0.140354 0.187873
-1.1252 -0.000187311 0.191121
-1.12245 0.21033 0.183572
-1.08092 0.878262 0.0574081
-1.07544 0.941031 0.0385123
-1.08633 0.814757 0.075471
-1.06996 1.00309 0.0188887
-1.06548 1.06347 -0.00134375
-1.10161 0.61963 0.123604
-1.09673 0.685448 0.108675
-1.09162 0.75049 0.0925952
-0.405193 -1.0837 0.104588
-0.338423 -1.08419 0.110258
-0.27151 -1.08454 0.114917
-0.538233 -1.08218 0.0902017
-0.471802 -1.08304 0.0979036
-0.137352 -1.08495 0.121228
-0.0701595 -1.08504 0.12289
-0.00292978 -1.08507 0.12356
-0.204478 -1.08479 0.118572
-1.09037 -0.749877 0.0893329
-1.09553 -0.684962 0.105614
-1.08505 -0.81402 0.0720303
-1.10047 -0.619274 0.120768
-1.10512 -0.552823 0.13469
-0.933114 -1.0701 0.02341
-0.867646 -1.07319 0.0368104
-0.802092 -1.07577 0.0493835
-1.06864 -1.00203 0.0150503
-1.07413 -0.940069 0.0347837
-1.06417 -1.06235 -0.00526941
-0.998586 -1.06648 0.00930795
-1.07962 -0.877408 0.0538119
-0.67053 -1.07966 0.0717617
-0.604477 -1.08107 0.0814848
-0.736396 -1.07791 0.0610507
-1.12198 -0.210606 0.182508
-1.12371 -0.140683 0.187157
-1.11965 -0.280158 0.176132
-1.12478 -0.0705035 0.190037
-1.10943 -0.485636 0.14728
-1.11332 -0.417754 0.158442
-1.11675 -0.349237 0.168086
0.665477 -1.07966 0.0751524
0.731511 -1.07791 0.0647609
0.797388 -1.07576 0.0534093
0.53289 -1.08218 0.0929405
0.599271 -1.08107 0.0845517
0.928804 -1.07009 0.0280581
0.99448 -1.06646 0.0142658
1.06026 -1.06233 5.1741e-07
0.863135 -1.07317 0.0411485
0.131524 -1.08495 0.121925
0.198691 -1.08479 0.119616
0.265779 -1.08455 0.116306
0.064308 -1.08504 0.123239
0.399624 -1.08371 0.106659
0.466338 -1.08305 0.10031
0.332765 -1.08419 0.111989
-0.00264824 0.0994045 0.995082
-0.00244855 0.0983501 0.995186
-0.00268689 -0.0052397 0.999983
-0.00277548 -0.00519925 0.999983
-0.00275626 -0.00520785 0.999983
-0.00276823 -0.0572354 0.998357
-0.00279583 -0.0576534 0.998333
-0.00262235 -0.00529264 0.999983
-0.00259605 -0.0571751 0.998361
-0.0026795 -0.057084 0.998366
-0.00231671 0.0983468 0.995187
-0.00252312 0.0466109 0.99891
-0.0026014 0.0466144 0.99891
-0.00258554 0.098723 0.995149
-0.00268441 0.0468364 0.998899
-0.0027087 0.0473054 0.998877
-0.00270317 0.047048 0.998889
-0.00274278 0.020945 0.999777
-0.00274731 0.0210892 0.999774
-0.00264842 0.0466964 0.998906
-0.00269674 0.0207439 0.999781
-0.00272737 0.0208251 0.999779
-0.00252042 0.0984902 0.995172
-0.00258709 0.0726167 0.997349
-0.00263377 0.0728044 0.997335
-0.00255579 0.0465801 0.998912
-0.00261586 0.0206646 0.999783
-0.00265559 0.0206926 0.999782
-0.00250743 0.0467127 0.998906
-0.00257557 0.0207158 0.999782
-0.00258834 0.0206712 0.999783
-0.00228035 0.0984734 0.995175
-0.00240758 0.0726287 0.997349
-0.00243056 0.0725042 0.997358
-0.00263108 -0.057094 0.998366
-0.00258874 -0.0829601 0.996537
-0.00264867 -0.0829595 0.996537
-0.00257895 -0.0573324 0.998352
-0.00251615 -0.0832147 0.996516
-0.00254201 -0.083046 0.99653
-0.0026103 -0.00532887 0.999982
-0.00261098 -0.0313629 0.999505
-0.00262436 -0.0312509 0.999508
-0.00278914 -0.0574198 0.998346
-0.00279292 -0.0834216 0.996498
-0.00280502 -0.0837102 0.996474
-0.00272945 -0.0571278 0.998363
-0.00271021 -0.0830321 0.996531
-0.00276137 -0.0831846 0.996518
-0.00272691 -0.00522098 0.999983
-0.00273682 -0.0311835 0.99951
-0.00276887 -0.0312365 0.999508
-0.002771 -0.00520149 0.999983
-0.00278526 -0.0313393 0.999505
-0.00279027 -0.0314733 0.999501
-0.00264851 -0.005263 0.999983
-0.00265312 -0.0311878 0.99951
-0.00269426 -0.0311698 0.999511
-0.00237757 0.098301 0.995191
-0.00247332 0.0724635 0.99736
-0.00252945 0.0725058 0.997357
-0.00262946 0.0990406 0.995118
-0.00266122 0.0730774 0.997315
-0.0026709 0.0734034 0.997291
-0.00266749 0.0732373 0.997303
-0.00268627 0.060218 0.998181
-0.00268865 0.0603696 0.998172
-0.00265013 0.0729311 0.997326
-0.00267294 0.0599402 0.998198
-0.00268164 0.0600724 0.99819
-0.00261104 0.0988728 0.995134
-0.00262923 0.0859071 0.996286
-0.00264371 0.0860646 0.996273
-0.00250038 0.0724755 0.997359
-0.00254096 0.0595385 0.998222
-0.00256715 0.0595655 0.99822
-0.00244969 0.0724725 0.99736
-0.00249618 0.0595351 0.998222
-0.00251683 0.0595273 0.998223
-0.00234495 0.0983122 0.99519
-0.00239882 0.085397 0.996331
-0.00242644 0.085387 0.996332
-0.0026727 -0.0311743 0.99951
-0.00266625 -0.0441312 0.999023
-0.00268937 -0.0441301 0.999023
-0.00263678 -0.0312128 0.999509
-0.00262738 -0.0441729 0.999021
-0.00264515 -0.0441445 0.999022
-0.00263358 -0.00527692 0.999983
-0.00263894 -0.0182466 0.99983
-0.00265432 -0.0182266 0.99983
-0.00278856 -0.0314045 0.999503
-0.00279171 -0.0444812 0.999007
-0.00279361 -0.0445785 0.999002
-0.00277896 -0.0312821 0.999507
-0.00278102 -0.0443073 0.999014
-0.00278803 -0.0443889 0.999011
-0.00276535 -0.0052039 0.999983
-0.00277393 -0.0182462 0.99983
-0.0027798 -0.0182749 0.999829
-0.0027547 -0.031204 0.999509
-0.00275438 -0.0441922 0.99902
-0.00276987 -0.0442411 0.999017
-0.00271619 -0.0311728 0.99951
-0.00271285 -0.0441393 0.999022
-0.00273502 -0.0441592 0.999021
-0.00270759 -0.00522977 0.999983
-0.00271458 -0.0182023 0.999831
-0.00273429 -0.0182034 0.999831
-0.00273777 -0.0830974 0.996525
-0.00273068 -0.0960407 0.995372
-0.00275906 -0.096139 0.995363
-0.00268001 -0.0829867 0.996535
-0.00266475 -0.0959109 0.995385
-0.00269871 -0.0959649 0.99538
-0.00270514 -0.0570993 0.998365
-0.00269386 -0.0700495 0.997536
-0.00272084 -0.0700864 0.997534
-0.0028006 -0.0835629 0.996486
-0.00280923 -0.0965467 0.995323
-0.00281563 -0.096702 0.995308
-0.00277994 -0.0832935 0.996509
-0.0027822 -0.0962589 0.995351
-0.00279889 -0.0963967 0.995338
-0.00278097 -0.0573186 0.998352
-0.00278005 -0.0703142 0.997518
-0.00279013 -0.0704306 0.997509
-0.00261593 -0.0313018 0.999507
-0.00260443 -0.0442816 0.999016
-0.00261375 -0.0442187 0.999019
-0.00260848 -0.0314298 0.999503
-0.00259611 -0.0444424 0.999009
-0.00259892 -0.044358 0.999013
-0.00260806 -0.00534842 0.999982
-0.00261254 -0.0183957 0.999827
-0.00261485 -0.0183511 0.999828
-0.00252631 -0.0831219 0.996524
-0.00248756 -0.0960366 0.995373
-0.00250712 -0.0959609 0.99538
-0.00251053 -0.0833176 0.996508
-0.00246713 -0.096229 0.995355
-0.0024746 -0.0961283 0.995364
-0.00257562 -0.0574285 0.998347
-0.00254705 -0.0703863 0.997513
-0.00255129 -0.0702843 0.99752
-0.00261774 -0.0829501 0.996538
-0.00259571 -0.0958651 0.995389
-0.00263008 -0.0958776 0.995388
-0.00256309 -0.0829916 0.996535
-0.00253269 -0.095906 0.995386
-0.00256278 -0.0958741 0.995389
-0.00261138 -0.0571244 0.998364
-0.00258965 -0.0700647 0.997536
-0.0026119 -0.0700335 0.997538
-0.00241653 0.0725578 0.997354
-0.00246844 0.0596144 0.998218
-0.00247993 0.0595643 0.998221
-0.00240267 0.0727101 0.997343
-0.00245762 0.0597584 0.998209
-0.00246138 0.0596814 0.998214
-0.00227171 0.0985532 0.995167
-0.00233996 0.0856385 0.99631
-0.00234652 0.085557 0.996317
-0.0025803 0.0206896 0.999783
-0.00260169 0.0076916 0.999967
-0.00260935 0.00769051 0.999967
-0.00257317 0.0207465 0.999781
-0.00259493 0.0077024 0.999967
-0.00259719 0.00769604 0.999967
-0.00250437 0.0467798 0.998903
-0.00254292 0.0337746 0.999426
-0.00254557 0.0337231 0.999428
-0.00263473 0.0206752 0.999783
-0.00265392 0.00771267 0.999967
-0.00267424 0.00772688 0.999967
-0.0026002 0.0206628 0.999783
-0.00262067 0.00769371 0.999967
-0.00263569 0.0077013 0.999967
-0.00253735 0.0465861 0.998912
-0.00257228 0.0336278 0.999431
-0.00258908 0.033625 0.999431
-0.00261247 0.0726998 0.997343
-0.00264127 0.0597346 0.99821
-0.00265948 0.0598269 0.998204
-0.00255891 0.0725527 0.997354
-0.00259374 0.0596066 0.998218
-0.00261897 0.0596621 0.998214
-0.0024847 0.0984088 0.995181
-0.0025222 0.0854857 0.996323
-0.0025539 0.0855583 0.996317
-0.00271389 0.0207798 0.99978
-0.00273091 0.00778387 0.999966
-0.00274384 0.00780977 0.999966
-0.00267683 0.0207153 0.999782
-0.00269498 0.00774328 0.999966
-0.00271435 0.007762 0.999966
-0.00262558 0.0466495 0.998908
-0.00265352 0.0336848 0.999429
-0.00267457 0.0337228 0.999428
-0.00274581 0.0210157 0.999775
-0.00276156 0.00791103 0.999965
-0.00276305 0.00794902 0.999964
-0.0027369 0.0208806 0.999778
-0.00275297 0.00784005 0.999965
-0.00275862 0.00787421 0.999965
-0.00269595 0.0469338 0.998895
-0.00271764 0.033913 0.999421
-0.002724 0.0340046 0.999418
-0.00270687 0.047174 0.998884
-0.00272724 0.0341055 0.999415
-0.00272883 0.0342105 0.999411
-0.0026684 0.0467577 0.998903
-0.00269285 0.0337719 0.999426
-0.00270733 0.033835 0.999424
-0.00255463 0.0985949 0.995162
-0.00258325 0.0856521 0.996308
-0.0026088 0.0857685 0.996298
-0.00257759 0.0465906 0.998911
-0.00260913 0.0336352 0.999431
-0.00263115 0.0336558 0.99943
-0.0025133 0.0466544 0.998908
-0.00255073 0.0336785 0.99943
-0.00255946 0.0336457 0.999431
-0.00229487 0.0984023 0.995182
-0.00235811 0.0854853 0.996323
-0.00237567 0.0854303 0.996328
-0.00265425 -0.0570816 0.998366
-0.00263768 -0.0700223 0.997539
-0.00266556 -0.0700282 0.997538
-0.00258537 -0.0572457 0.998357
-0.0025592 -0.0701925 0.997527
-0.00257193 -0.0701179 0.997532
-0.00261475 -0.00531009 0.999982
-0.00261946 -0.0183097 0.999829
-0.00262732 -0.0182744 0.99983
-0.00279352 -0.0575338 0.99834
-0.00279578 -0.0705605 0.9975
-0.00279888 -0.0706965 0.997491
-0.00275086 -0.0571722 0.998361
-0.00274494 -0.0701414 0.99753
-0.00276492 -0.0702171 0.997524
-0.0027434 -0.00521357 0.999983
-0.00275122 -0.0182103 0.99983
-0.00276451 -0.0182244 0.99983
-0.00277396 -0.00520014 0.999983
-0.00278287 -0.0183083 0.999828
-0.00278447 -0.0183438 0.999828
-0.00266664 -0.00525069 0.999983
-0.00267291 -0.0182135 0.999831
-0.00269354 -0.0182058 0.999831
-0.00241258 0.0983139 0.99519
-0.00245714 0.0853996 0.99633
-0.0024895 0.0854329 0.996328
-0.00264091 0.09922 0.9951
-0.00265237 0.0862351 0.996258
-0.00265741 0.0864116 0.996243
-0.00265505 0.086323 0.99625
-0.00266162 0.0798241 0.996793
-0.00266354 0.0799102 0.996786
-0.0026487 0.0861487 0.996265
-0.00265631 0.0796545 0.996807
-0.0026594 0.0797385 0.9968
-0.00263595 0.0991293 0.995109
-0.00264202 0.0926398 0.995695
-0.00264633 0.0927284 0.995686
-0.0024732 0.0854138 0.996329
-0.0024942 0.0789528 0.996863
-0.00250968 0.078971 0.996861
-0.0024415 0.0853906 0.996331
-0.00246429 0.0789304 0.996865
-0.00247901 0.0789392 0.996864
-0.00239488 0.0983045 0.995191
-0.0024183 0.0918483 0.995769
-0.00243494 0.0918575 0.995768
-0.00268306 -0.0182091 0.999831
-0.00268396 -0.0246904 0.999692
-0.00269463 -0.0246881 0.999692
-0.00266327 -0.0182193 0.99983
-0.00266376 -0.0246999 0.999691
-0.00267361 -0.0246943 0.999691
-0.00265723 -0.00525666 0.999983
-0.00266109 -0.0117382 0.999928
-0.00267059 -0.0117323 0.999928
-0.00278374 -0.018326 0.999828
-0.00278698 -0.0248846 0.999686
-0.00278774 -0.0249111 0.999686
-0.00278162 -0.0182912 0.999829
-0.00278479 -0.024833 0.999688
-0.00278609 -0.0248585 0.999687
-0.00277276 -0.00520072 0.999983
-0.00277762 -0.0117468 0.999927
-0.00277885 -0.0117552 0.999927
-0.00275835 -0.0182164 0.99983
-0.0027608 -0.0247181 0.999691
-0.00276714 -0.0247312 0.99969
-0.00274317 -0.018206 0.99983
-0.00274522 -0.0246996 0.999691
-0.00275347 -0.0247077 0.999691
-0.00273557 -0.00521708 0.999983
-0.00273998 -0.0117117 0.999928
-0.00274788 -0.0117122 0.999928
-0.00275551 -0.0701766 0.997527
-0.00275283 -0.0766591 0.997046
-0.00276308 -0.0767026 0.997043
-0.00273334 -0.0701115 0.997532
-0.002729 -0.0765886 0.997051
-0.00274143 -0.0766212 0.997049
-0.0027406 -0.0571479 0.998362
-0.00273725 -0.0636312 0.997969
-0.00274814 -0.0636584 0.997967
-0.00279745 -0.0706282 0.997495
-0.00279973 -0.0771352 0.997009
-0.00280144 -0.0772067 0.997004
-0.00279344 -0.0704943 0.997505
-0.002795 -0.0769952 0.99702
-0.00279775 -0.0770645 0.997015
-0.00279172 -0.0574756 0.998343
-0.00279243 -0.0639878 0.997946
-0.00279446 -0.0640503 0.997942
-0.00262294 -0.0182912 0.999829
-0.00262231 -0.0247841 0.999689
-0.00262682 -0.0247635 0.99969
-0.0026168 -0.0183298 0.999829
-0.00261596 -0.0248321 0.999688
-0.00261871 -0.024807 0.999689
-0.00261218 -0.00531935 0.999982
-0.00261554 -0.0118253 0.999927
-0.00261815 -0.0118105 0.999927
-0.00256494 -0.0701527 0.99753
-0.00254995 -0.076619 0.99705
-0.00255766 -0.0765838 0.997052
-0.00255469 -0.0702367 0.997524
-0.00253848 -0.0767039 0.997043
-0.00254357 -0.0766593 0.997047
-0.00258168 -0.0572874 0.998355
-0.0025691 -0.0637645 0.997961
-0.00257316 -0.0637213 0.997964
-0.00265146 -0.0700233 0.997538
-0.00264257 -0.0764896 0.997059
-0.00265741 -0.0764956 0.997059
-0.00262443 -0.0700256 0.997538
-0.00261405 -0.0764908 0.997059
-0.00262805 -0.0764879 0.997059
-0.00264231 -0.0570858 0.998366
-0.0026339 -0.0635571 0.997974
-0.00264646 -0.0635534 0.997974
-0.00236614 0.0854553 0.996326
-0.00239522 0.0789936 0.99686
-0.00240375 0.0789689 0.996862
-0.00235159 0.0855194 0.99632
-0.00238232 0.0790574 0.996855
-0.00238807 0.0790233 0.996858
-0.00228672 0.0984363 0.995178
-0.00231955 0.0919786 0.995757
-0.00232689 0.0919445 0.99576
-0.0025546 0.0336604 0.99943
-0.00257022 0.027171 0.999628
-0.00257487 0.0271594 0.999628
-0.00254775 0.0336996 0.999429
-0.00256368 0.0272024 0.999627
-0.00256652 0.0271855 0.999627
-0.00250992 0.046682 0.998907
-0.00252982 0.040193 0.999189
-0.00253297 0.0401683 0.99919
-0.00261999 0.0336444 0.999431
-0.00263324 0.0271642 0.999628
-0.00264407 0.0271746 0.999627
-0.00259877 0.0336287 0.999431
-0.00261268 0.0271492 0.999628
-0.00262271 0.0271556 0.999628
-0.00256634 0.0465835 0.998912
-0.00258329 0.0401069 0.999192
-0.00259406 0.0401137 0.999192
-0.00259659 0.0857075 0.996304
-0.00261003 0.07923 0.996841
-0.0026211 0.0792881 0.996836
-0.00256896 0.0856025 0.996313
-0.00258463 0.0791307 0.996849
-0.00259783 0.0791775 0.996845
-0.00253781 0.0985396 0.995168
-0.00255334 0.0920717 0.995748
-0.00256885 0.0921242 0.995743
-0.0027006 0.0338016 0.999425
-0.0027113 0.0273022 0.999624
-0.00271776 0.0273309 0.999623
-0.00268413 0.0337458 0.999427
-0.00269543 0.0272538 0.999625
-0.00270383 0.0272765 0.999624
-0.00265885 0.0467251 0.998905
-0.00267191 0.0402363 0.999187
-0.002681 0.0402658 0.999186
-0.00272811 0.0341578 0.999413
-0.00273766 0.0276077 0.999615
-0.00273836 0.0276528 0.999614
-0.00272594 0.0340542 0.999416
-0.00273557 0.027519 0.999618
-0.00273682 0.0275629 0.999616
-0.00270538 0.0471099 0.998887
-0.00271582 0.0405846 0.999173
-0.0027172 0.0406427 0.99917
-0.00272127 0.0339573 0.99942
-0.0027311 0.0274361 0.99962
-0.00273371 0.0274766 0.999619
-0.00271301 0.0338722 0.999423
-0.0027232 0.0273629 0.999622
-0.00272763 0.0273981 0.999621
-0.00269075 0.0468828 0.998897
-0.00270215 0.0403789 0.999181
-0.00270704 0.0404251 0.999179
-0.00275619 0.00785671 0.999965
-0.00276284 0.00132723 0.999995
-0.00276526 0.00133653 0.999995
-0.00274887 0.00782438 0.999966
-0.00275557 0.00130945 0.999995
-0.00275964 0.00131819 0.999995
-0.00273262 0.0208516 0.999779
-0.0027412 0.0143386 0.999893
-0.00274537 0.014361 0.999893
-0.00276237 0.00792996 0.999965
-0.00276901 0.0013654 0.999995
-0.0027697 0.00137517 0.999995
-0.00276037 0.00789238 0.999965
-0.002767 0.00134603 0.999995
-0.0027682 0.00135567 0.999995
-0.00274459 0.0209798 0.999776
-0.00275288 0.0144373 0.999892
-0.00275408 0.0144648 0.999892
-0.00266431 0.0337026 0.999429
-0.00267625 0.0272161 0.999626
-0.00268619 0.0272338 0.999626
-0.0026424 0.0336692 0.99943
-0.00265499 0.0271867 0.999627
-0.00266579 0.0272005 0.999627
-0.00261356 0.0466306 0.998909
-0.00262856 0.0401506 0.999191
-0.00264009 0.0401679 0.99919
-0.00270494 0.00775231 0.999966
-0.00271192 0.00126357 0.999996
-0.00272128 0.00127054 0.999995
-0.00268467 0.00773482 0.999966
-0.00269172 0.00125013 0.999996
-0.00270199 0.00125678 0.999996
-0.00266627 0.0207033 0.999782
-0.00267618 0.0142193 0.999895
-0.00268657 0.0142295 0.999895
-0.00273785 0.00779628 0.999966
-0.00274463 0.00129295 0.999995
-0.00275058 0.00130103 0.999995
-0.00272305 0.00777248 0.999966
-0.00272993 0.00127774 0.999995
-0.00273774 0.00128519 0.999995
-0.00270573 0.0207608 0.999781
-0.00271496 0.0142669 0.999895
-0.00272294 0.0142822 0.999894
-0.00253826 0.0855195 0.99632
-0.00255589 0.0790526 0.996855
-0.00257059 0.0790891 0.996852
-0.00250589 0.0854569 0.996325
-0.00252525 0.0789937 0.99686
-0.00254072 0.0790208 0.996857
-0.00246663 0.0983767 0.995184
-0.00248631 0.0919175 0.995762
-0.00250349 0.091948 0.995759
-0.00260663 0.0596324 0.998216
-0.00262235 0.0531531 0.998583
-0.00263406 0.0531805 0.998582
-0.00258051 0.0595843 0.998219
-0.0025975 0.0531086 0.998586
-0.0026101 0.0531292 0.998584
-0.00254424 0.0725272 0.997356
-0.00256271 0.0660573 0.997809
-0.00257663 0.0660812 0.997807
-0.00265095 0.0597781 0.998207
-0.00266418 0.0532878 0.998576
-0.00267213 0.0533331 0.998573
-0.00263057 0.059696 0.998212
-0.00264503 0.0532118 0.99858
-0.00265512 0.0532474 0.998578
-0.00260022 0.0726557 0.997346
-0.00261558 0.0661774 0.997801
-0.00262701 0.0662188 0.997798
-0.00258022 0.0336246 0.999431
-0.00259478 0.0271441 0.999628
-0.00260332 0.0271453 0.999628
-0.00256535 0.0336348 0.999431
-0.00258051 0.0271511 0.999628
-0.00258715 0.027146 0.999628
-0.00252968 0.0465961 0.998911
-0.00254839 0.0401166 0.999192
-0.00255565 0.040108 0.999192
-0.00262773 0.00769698 0.999967
-0.00263507 0.00121365 0.999996
-0.00264297 0.00121917 0.999996
-0.00261454 0.00769155 0.999967
-0.00262199 0.00120355 0.999996
-0.00262807 0.00120843 0.999996
-0.00259378 0.0206657 0.999783
-0.00260513 0.0141791 0.999896
-0.00261137 0.0141786 0.999896
-0.00266391 0.00771947 0.999967
-0.00267103 0.00123723 0.999996
-0.00268132 0.00124361 0.999996
-0.00264446 0.00770657 0.999967
-0.00265168 0.00122497 0.999996
-0.00266109 0.001231 0.999996
-0.00262496 0.0206689 0.999783
-0.00263556 0.014188 0.999896
-0.00264514 0.0141941 0.999896
-0.00254402 0.0337484 0.999427
-0.00256013 0.0272418 0.999626
-0.0025616 0.0272214 0.999626
-0.00254196 0.0338013 0.999426
-0.00255819 0.0272846 0.999624
-0.00255909 0.027263 0.999625
-0.00250326 0.0468146 0.998901
-0.00252365 0.0403115 0.999184
-0.00252467 0.0402804 0.999186
-0.00259587 0.00769908 0.999967
-0.0026035 0.00118043 0.999996
-0.00260482 0.00118374 0.999996
-0.00259413 0.00770584 0.999967
-0.00260179 0.00117401 0.999996
-0.00260258 0.0011772 0.999996
-0.00257231 0.0207625 0.999781
-0.00258429 0.0142358 0.999895
-0.00258512 0.0142259 0.999895
-0.00260509 0.00769056 0.999967
-0.00261263 0.00119478 0.999996
-0.00261685 0.001199 0.999996
-0.00259909 0.00769349 0.999967
-0.0026067 0.0011872 0.999996
-0.00260927 0.00119087 0.999996
-0.00257757 0.0207019 0.999782
-0.00258938 0.0141986 0.999896
-0.00259203 0.0141914 0.999896
-0.00234276 0.085597 0.996314
-0.00237462 0.0791351 0.996849
-0.00237789 0.079095 0.996852
-0.00233749 0.0856807 0.996307
-0.00237009 0.0792191 0.996842
-0.00237221 0.0791768 0.996846
-0.00226839 0.0985943 0.995163
-0.0023034 0.0921384 0.995742
-0.00230627 0.0920967 0.995746
-0.00245921 0.0597192 0.998211
-0.00248344 0.0532354 0.998579
-0.00248538 0.0531998 0.998581
-0.00245624 0.0597982 0.998207
-0.00248079 0.0533102 0.998575
-0.00248202 0.0532725 0.998577
-0.00240084 0.0727522 0.99734
-0.00242958 0.0662788 0.997795
-0.00243116 0.0662375 0.997798
-0.00247359 0.0595869 0.998219
-0.00249649 0.0531105 0.998586
-0.00250234 0.0530892 0.998587
-0.0024644 0.0596462 0.998216
-0.00248811 0.0531665 0.998583
-0.00249177 0.0531365 0.998584
-0.00241145 0.0725915 0.997351
-0.00243884 0.0661212 0.997805
-0.00244334 0.0660882 0.997807
-0.00260026 -0.0700464 0.997537
-0.00258833 -0.0765114 0.997058
-0.00260075 -0.0764985 0.997059
-0.00258018 -0.0700885 0.997534
-0.00256667 -0.076554 0.997055
-0.00257692 -0.0765299 0.997056
-0.00260313 -0.0571471 0.998363
-0.00259237 -0.0636195 0.99797
-0.00260117 -0.0635961 0.997971
-0.00254728 -0.0958872 0.995387
-0.00253249 -0.102342 0.994784
-0.00254923 -0.102328 0.994785
-0.00251924 -0.0959307 0.995383
-0.00250184 -0.102385 0.994779
-0.00251661 -0.102361 0.994782
-0.00255192 -0.083016 0.996533
-0.00253605 -0.0894746 0.995973
-0.00254829 -0.0894501 0.995975
-0.00261279 -0.0958687 0.995389
-0.00260237 -0.102324 0.994785
-0.00262053 -0.102334 0.994784
-0.00257899 -0.0958668 0.995389
-0.00256659 -0.102321 0.994786
-0.00258435 -0.10232 0.994786
-0.0026029 -0.0829526 0.996538
-0.00259116 -0.089411 0.995978
-0.0026069 -0.089409 0.995978
-0.00254883 -0.0703346 0.997517
-0.00253181 -0.0768028 0.997036
-0.00253462 -0.0767521 0.997039
-0.0025455 -0.0704387 0.997509
-0.00252796 -0.0769079 0.997027
-0.00252976 -0.076855 0.997032
-0.00257441 -0.0574779 0.998344
-0.00256099 -0.0639622 0.997948
-0.00256235 -0.0639109 0.997951
-0.00247034 -0.0961779 0.99536
-0.0024476 -0.102631 0.994754
-0.00245239 -0.102582 0.994759
-0.00246429 -0.0962806 0.99535
-0.00244058 -0.102732 0.994744
-0.00244385 -0.102681 0.994749
-0.00250844 -0.0833705 0.996503
-0.0024871 -0.0898275 0.995941
-0.00248954 -0.0897751 0.995946
-0.00249652 -0.0959964 0.995377
-0.00247672 -0.102451 0.994773
-0.00248847 -0.102416 0.994776
-0.00248027 -0.0960809 0.995369
-0.00245869 -0.102535 0.994764
-0.00246677 -0.102491 0.994768
-0.00252056 -0.0831666 0.99652
-0.00250106 -0.0896252 0.995959
-0.00250756 -0.0895807 0.995963
-0.00261349 -0.0183731 0.999828
-0.00261255 -0.0248865 0.999687
-0.00261396 -0.0248587 0.999688
-0.00261172 -0.0184186 0.999827
-0.00261071 -0.0249438 0.999685
-0.00261156 -0.024915 0.999686
-0.00260727 -0.0053583 0.999982
-0.00261058 -0.0118896 0.999926
-0.00261138 -0.0118732 0.999926
-0.00259728 -0.0443996 0.999011
-0.00258814 -0.0508928 0.998701
-0.00258991 -0.050848 0.998704
-0.0025951 -0.0444857 0.999007
-0.00258578 -0.0509857 0.998697
-0.00258688 -0.050939 0.998699
-0.00260759 -0.031464 0.999502
-0.00260238 -0.0379783 0.999275
-0.00260332 -0.0379392 0.999277
-0.00260857 -0.0442482 0.999018
-0.00260023 -0.0507299 0.99871
-0.00260575 -0.0506985 0.998711
-0.00260125 -0.0443184 0.999014
-0.00259241 -0.0508053 0.998706
-0.00259582 -0.0507657 0.998708
-0.00261307 -0.0313313 0.999506
-0.00260815 -0.037827 0.999281
-0.00261115 -0.0377935 0.999282
-0.0027857 -0.0703703 0.997514
-0.00278614 -0.076865 0.99703
-0.00279119 -0.0769284 0.997025
-0.00277312 -0.070263 0.997521
-0.00277208 -0.0767516 0.997039
-0.00277978 -0.0768059 0.997035
-0.00277519 -0.0572745 0.998355
-0.00277423 -0.0637706 0.99796
-0.00278052 -0.0638184 0.997957
-0.00279138 -0.0963259 0.995344
-0.00279448 -0.102808 0.994735
-0.00280289 -0.102881 0.994728
-0.00277138 -0.0961964 0.995357
-0.00277217 -0.102674 0.994749
-0.00278422 -0.102739 0.994742
-0.00277133 -0.0832364 0.996514
-0.00277106 -0.0897178 0.99595
-0.00278072 -0.0897776 0.995945
-0.00281261 -0.096624 0.995316
-0.00281869 -0.103114 0.994704
-0.00282228 -0.103194 0.994695
-0.00280477 -0.0964706 0.99533
-0.00280951 -0.102957 0.99472
-0.00281462 -0.103035 0.994712
-0.00279736 -0.083491 0.996492
-0.00280063 -0.0899824 0.995926
-0.00280444 -0.0900565 0.995919
-0.00270762 -0.0700659 0.997535
-0.0027017 -0.0765382 0.997055
-0.00271571 -0.076561 0.997054
-0.00267977 -0.070037 0.997537
-0.00267235 -0.0765057 0.997058
-0.00268719 -0.0765198 0.997057
-0.00269238 -0.0570901 0.998366
-0.00268649 -0.0635649 0.997973
-0.00269989 -0.0635758 0.997972
-0.00268189 -0.0959352 0.995382
-0.00267504 -0.102396 0.994778
-0.00269293 -0.102428 0.994774
-0.00264744 -0.0958917 0.995387
-0.00263874 -0.102349 0.994783
-0.00265694 -0.10237 0.99478
-0.00266439 -0.0829709 0.996536
-0.00265603 -0.0894327 0.995976
-0.00267249 -0.0894501 0.995974
-0.00274543 -0.0960871 0.995368
-0.00274349 -0.102559 0.994761
-0.00275851 -0.102614 0.994755
-0.00271503 -0.096 0.995376
-0.00271044 -0.102466 0.99477
-0.00272738 -0.10251 0.994766
-0.00272441 -0.0830621 0.996528
-0.00271971 -0.0895324 0.995967
-0.00273415 -0.0895704 0.995963
-0.0027247 -0.0182022 0.999831
-0.00272635 -0.02469 0.999691
-0.00273613 -0.0246938 0.999691
-0.00270412 -0.0182035 0.999831
-0.00270539 -0.0246873 0.999692
-0.00271603 -0.0246879 0.999692
-0.00269731 -0.00523461 0.999983
-0.00270144 -0.0117192 0.999928
-0.00271178 -0.0117162 0.999928
-0.0027242 -0.0441478 0.999022
-0.00272135 -0.0506308 0.998714
-0.00273266 -0.0506446 0.998713
-0.00270117 -0.0441334 0.999022
-0.00269731 -0.0506127 0.998715
-0.0027095 -0.0506203 0.998715
-0.00270528 -0.0311704 0.999511
-0.00270385 -0.0376525 0.999287
-0.00271511 -0.0376567 0.999287
-0.00276266 -0.0442145 0.999019
-0.0027617 -0.0507092 0.99871
-0.00276933 -0.0507397 0.998709
-0.00274513 -0.0441738 0.99902
-0.00274326 -0.050662 0.998713
-0.00275298 -0.0506834 0.998711
-0.00274618 -0.0311923 0.99951
-0.00274613 -0.0376838 0.999286
-0.00275498 -0.0376989 0.999286
-0.00277727 -0.0182599 0.999829
-0.00278031 -0.0247859 0.999689
-0.00278291 -0.0248087 0.999688
-0.00276969 -0.0182344 0.99983
-0.00277249 -0.024747 0.99969
-0.00277686 -0.0247653 0.999689
-0.00276127 -0.00520566 0.999983
-0.00276597 -0.0117204 0.999927
-0.00277011 -0.0117256 0.999927
-0.00278501 -0.0443464 0.999013
-0.00278546 -0.0508589 0.998702
-0.0027887 -0.0509068 0.9987
-0.00277599 -0.0442721 0.999016
-0.00277583 -0.0507749 0.998707
-0.00278119 -0.0508148 0.998705
-0.00277442 -0.0312577 0.999508
-0.00277556 -0.0377662 0.999283
-0.00278032 -0.0377963 0.999282
-0.00279274 -0.0445296 0.999005
-0.0027938 -0.051065 0.998692
-0.00279475 -0.0511199 0.998689
-0.00279021 -0.0444341 0.999009
-0.00279106 -0.0509577 0.998697
-0.00279268 -0.0510107 0.998695
-0.00278722 -0.0313712 0.999504
-0.00278898 -0.0379051 0.999278
-0.00279039 -0.0379457 0.999276
-0.00264618 -0.0182357 0.99983
-0.00264623 -0.0247177 0.999691
-0.00265459 -0.0247077 0.999691
-0.00263265 -0.0182595 0.99983
-0.00263231 -0.0247455 0.99969
-0.00263879 -0.0247303 0.999691
-0.0026275 -0.00528455 0.999983
-0.00263105 -0.0117724 0.999927
-0.0026372 -0.011762 0.999927
-0.00263578 -0.0441567 0.999022
-0.00262899 -0.0506329 0.998714
-0.00263882 -0.0506203 0.998715
-0.00262002 -0.0441936 0.99902
-0.00261239 -0.0506718 0.998712
-0.00262015 -0.0506499 0.998714
-0.00263006 -0.0312302 0.999509
-0.00262594 -0.037713 0.999285
-0.00263295 -0.0376938 0.999286
-0.00267766 -0.0441293 0.999023
-0.00267279 -0.0506062 0.998716
-0.002685 -0.0506081 0.998715
-0.00265535 -0.0441362 0.999022
-0.0026495 -0.050612 0.998715
-0.00266089 -0.0506074 0.998716
-0.00266257 -0.0311798 0.99951
-0.00265974 -0.0376587 0.999287
-0.00267022 -0.0376534 0.999288
-0.00241216 0.0853891 0.996331
-0.00243699 0.0789287 0.996865
-0.00245023 0.0789268 0.996865
-0.00238661 0.0854108 0.99633
-0.00241362 0.0789497 0.996863
-0.00242474 0.0789363 0.996864
-0.00233015 0.0983267 0.995189
-0.00235867 0.0918694 0.995767
-0.00237213 0.0918553 0.995768
-0.002506 0.0595286 0.998223
-0.00252672 0.053056 0.998589
-0.00253695 0.0530549 0.998589
-0.00248747 0.059547 0.998222
-0.00250934 0.053073 0.998588
-0.00251749 0.0530619 0.998588
-0.00243951 0.0724855 0.997359
-0.00246416 0.0660179 0.997812
-0.00247354 0.0660054 0.997813
-0.0025539 0.0595502 0.998221
-0.00257216 0.0530767 0.998587
-0.00258478 0.0530911 0.998587
-0.00252854 0.0595307 0.998222
-0.00254804 0.0530583 0.998588
-0.00255984 0.0530657 0.998588
-0.00248651 0.0724671 0.99736
-0.00250797 0.0660004 0.997813
-0.00252108 0.0660085 0.997812
-0.00263724 0.0859838 0.99628
-0.00264639 0.0794948 0.996819
-0.00265202 0.0795729 0.996813
-0.00261973 0.0858352 0.996293
-0.0026309 0.0793518 0.996831
-0.00263935 0.0794208 0.996825
-0.0025991 0.0987954 0.995142
-0.00260917 0.0923159 0.995725
-0.00261986 0.0923906 0.995718
-0.00267786 0.0600042 0.998194
-0.00268899 0.0534988 0.998565
-0.00269238 0.0535627 0.998561
-0.00266682 0.059881 0.998201
-0.00267892 0.0533835 0.998571
-0.00268453 0.0534389 0.998568
-0.0026426 0.0728651 0.997331
-0.00265465 0.0663748 0.997788
-0.0026614 0.0664376 0.997784
-0.00268756 0.0602935 0.998176
-0.0026976 0.05377 0.99855
-0.00269853 0.0538414 0.998546
-0.00268438 0.060144 0.998185
-0.00269482 0.0536298 0.998557
-0.00269648 0.0536992 0.998554
-0.00266488 0.0731561 0.997309
-0.00267432 0.0666527 0.997769
-0.00267652 0.0667306 0.997764
-0.00266932 0.0733201 0.997297
-0.00267804 0.0668101 0.997759
-0.00267934 0.0668901 0.997753
-0.00265633 0.0730021 0.997321
-0.00266689 0.0665053 0.997779
-0.00267116 0.0665773 0.997774
-0.00262118 0.0989548 0.995126
-0.00262891 0.09247 0.995711
-0.00263628 0.0925533 0.995703
-0.00251476 0.0724885 0.997358
-0.00253471 0.0660209 0.997812
-0.00254866 0.0660372 0.99781
-0.002461 0.0724652 0.99736
-0.00248405 0.0659985 0.997813
-0.00249557 0.0659969 0.997813
-0.00236085 0.0983036 0.995191
-0.00238669 0.091847 0.995769
-0.00240215 0.0918447 0.995769
-0.00268332 -0.0311711 0.999511
-0.0026812 -0.0376508 0.999288
-0.00269248 -0.0376506 0.999288
-0.00264448 -0.0311988 0.99951
-0.00264098 -0.0376785 0.999287
-0.00264995 -0.0376669 0.999287
-0.0026406 -0.00526974 0.999983
-0.0026443 -0.0117529 0.999927
-0.00265229 -0.011745 0.999927
-0.00278949 -0.0314387 0.999502
-0.00279136 -0.0379873 0.999275
-0.00279218 -0.0380294 0.999273
-0.00278255 -0.0313094 0.999506
-0.00278408 -0.0378297 0.999281
-0.00278693 -0.0378662 0.999279
-0.00276857 -0.00520253 0.999983
-0.00277337 -0.0117318 0.999927
-0.00277584 -0.0117389 0.999927
-0.00276229 -0.0312186 0.999509
-0.00276288 -0.0377175 0.999285
-0.00276975 -0.03774 0.999284
-0.00272677 -0.031177 0.99951
-0.00272603 -0.0376631 0.999287
-0.00273643 -0.037672 0.999287
-0.00271753 -0.00522522 0.999983
-0.00272178 -0.0117139 0.999928
-0.00273124 -0.0117124 0.999928
-0.00275014 -0.0831382 0.996522
-0.00274763 -0.089614 0.995959
-0.00275999 -0.0896631 0.995955
-0.00269535 -0.083007 0.996533
-0.0026887 -0.0894725 0.995972
-0.0027045 -0.0894998 0.99597
-0.00271757 -0.0571118 0.998364
-0.00271295 -0.0635903 0.997972
-0.00272547 -0.0636086 0.99797
-0.00280296 -0.0836362 0.99648
-0.00280726 -0.090132 0.995912
-0.00280977 -0.0902081 0.995906
-0.00278714 -0.0833555 0.996504
-0.00278887 -0.0898421 0.995939
-0.00279549 -0.0899107 0.995933
-0.00278559 -0.0573672 0.99835
-0.0027856 -0.063871 0.997953
-0.00278953 -0.0639277 0.99795
-0.00261967 -0.0312749 0.999507
-0.00261507 -0.037763 0.999284
-0.00261998 -0.0377361 0.999285
-0.00260951 -0.0313959 0.999504
-0.00260441 -0.0379005 0.999278
-0.00260595 -0.0378629 0.99928
-0.00260898 -0.00533859 0.999982
-0.00261231 -0.0118568 0.999926
-0.00261364 -0.0118408 0.999926
-0.00253346 -0.0830814 0.996527
-0.00251558 -0.0895403 0.995967
-0.0025251 -0.0895048 0.99597
-0.00251291 -0.0832654 0.996512
-0.0024923 -0.0897234 0.99595
-0.00249603 -0.0896731 0.995955
-0.00257701 -0.0573798 0.998349
-0.00256391 -0.0638603 0.997955
-0.00256607 -0.0638112 0.997958
-0.00263306 -0.0829525 0.996538
-0.00262307 -0.089412 0.995978
-0.00263951 -0.0894199 0.995977
-0.00257541 -0.0829731 0.996536
-0.00256167 -0.0894314 0.995976
-0.00257602 -0.0894184 0.995978
-0.00262072 -0.0571068 0.998365
-0.00261111 -0.0635781 0.997973
-0.00262206 -0.0635652 0.997973
-0.00242289 0.0725284 0.997356
-0.00244904 0.0660596 0.997809
-0.00245598 0.066036 0.997811
-0.00240475 0.0726686 0.997346
-0.00243297 0.0661968 0.9978
-0.00243544 0.0661577 0.997803
-0.0022755 0.0985126 0.995171
-0.00230952 0.0920556 0.99575
-0.00231383 0.092016 0.995753
-0.00258386 0.0206792 0.999783
-0.00259549 0.0141856 0.999896
-0.00259984 0.0141814 0.999896
-0.00257416 0.0207308 0.999782
-0.00258608 0.0142162 0.999896
-0.00258744 0.014207 0.999896
-0.00250565 0.0467456 0.998904
-0.00252585 0.0402498 0.999187
-0.0025275 0.0402204 0.999188
-0.00264501 0.0206831 0.999783
-0.00265524 0.0142015 0.999896
-0.00266566 0.0142099 0.999895
-0.00260758 0.0206625 0.999783
-0.00261857 0.01418 0.999896
-0.00262666 0.0141832 0.999896
-0.00254608 0.0465809 0.998912
-0.00256395 0.0401036 0.999193
-0.0025732 0.0401034 0.999193
-0.00262369 0.0727493 0.997339
-0.00263739 0.0662653 0.997795
-0.00264663 0.0663174 0.997792
-0.00257326 0.0725825 0.997351
-0.00259022 0.066109 0.997806
-0.00260327 0.0661409 0.997803
-0.00250267 0.0984466 0.995177
-0.00252048 0.0919838 0.995756
-0.00253716 0.0920249 0.995752
-0.00272112 0.0208012 0.99978
-0.00273 0.0142992 0.999894
-0.00273609 0.0143179 0.999894
-0.00268705 0.0207288 0.999782
-0.00269663 0.0142408 0.999895
-0.00270615 0.0142532 0.999895
-0.00263727 0.0466714 0.998907
-0.00265129 0.0401877 0.999189
-0.00266195 0.0402104 0.999188
-0.00274663 0.0210523 0.999775
-0.00275489 0.0144927 0.999891
-0.00275557 0.0145208 0.999891
-0.00274026 0.0209118 0.999778
-0.00274865 0.0143851 0.999893
-0.00275111 0.0144107 0.999892
-0.00270006 0.046989 0.998892
-0.00271088 0.0404751 0.999177
-0.00271377 0.0405285 0.999175
-0.00270787 0.0472394 0.99888
-0.00271812 0.0407019 0.999168
-0.00271888 0.0407616 0.999166
-0.00267695 0.0467948 0.998901
-0.00268912 0.0402993 0.999184
-0.00269618 0.0403369 0.999183
-0.00257063 0.098656 0.995156
-0.00258347 0.0921824 0.995737
-0.00259698 0.0922464 0.995731
-0.00258934 0.046601 0.998911
-0.00260533 0.0401234 0.999192
-0.0026169 0.0401358 0.999191
-0.00251767 0.0466305 0.99891
-0.00253707 0.040147 0.999191
-0.00254219 0.0401297 0.999192
-0.0023049 0.0983722 0.995185
-0.00233589 0.0919145 0.995763
-0.00234653 0.0918892 0.995765
-0.00266671 -0.0570811 0.998366
-0.00265956 -0.0635536 0.997974
-0.00267297 -0.0635575 0.997974
-0.00259014 -0.0572081 0.998359
-0.00257835 -0.0636824 0.997966
-0.00258475 -0.0636483 0.997968
-0.00261812 -0.00530117 0.999982
-0.00262155 -0.0117967 0.999927
-0.00262584 -0.0117839 0.999927
-0.00279476 -0.0575933 0.998336
-0.00279589 -0.0641143 0.997938
-0.00279711 -0.0641789 0.997934
-0.0027601 -0.0572013 0.998359
-0.00275799 -0.0636905 0.997965
-0.00276671 -0.0637279 0.997963
-0.00275031 -0.00521049 0.999983
-0.00275487 -0.0117137 0.999928
-0.0027609 -0.0117165 0.999928
-0.00277479 -0.00519967 0.999983
-0.00277969 -0.0117639 0.999927
-0.0027804 -0.0117727 0.999927
-0.0026766 -0.00524505 0.999983
-0.00268061 -0.0117272 0.999928
-0.00269097 -0.0117229 0.999928
-0.0024305 0.0983292 0.995189
-0.00245192 0.0918722 0.995766
-0.00246908 0.0918922 0.995764
-0.00264481 0.099312 0.995091
-0.00264956 0.0928184 0.995678
-0.00265242 0.092909 0.99567
