0.641395 0.645871 -0.235557
0.887234 0.645835 -0.0164561
0.321377 0.645866 -0.217038
0.32168 0.979263 -0.216301
0.641136 0.979276 -0.23475
0.887192 0.979171 -0.016406
0.321367 0.312458 -0.217052
0.6414 0.312452 -0.235566
0.887237 0.312498 -0.016459
0.778065 0.312478 -0.142077
0.778203 0.1458 -0.142208
0.88726 0.145833 -0.0164757
0.479222 0.312441 -0.264851
0.479208 0.145732 -0.265033
0.641494 0.14575 -0.235745
0.192706 0.312484 -0.112431
0.192582 0.145812 -0.112539
0.321251 0.145761 -0.217225
0.777746 0.979218 -0.141599
0.77817 0.812532 -0.142186
0.887255 0.812501 -0.0164734
0.479265 0.979296 -0.263931
0.479213 0.812595 -0.264971
0.641465 0.812577 -0.235696
0.192981 0.979203 -0.112058
0.19261 0.812521 -0.112523
0.321285 0.812568 -0.217182
0.192722 0.645847 -0.112414
0.192739 0.479165 -0.112395
0.321384 0.479162 -0.217029
0.778049 0.645851 -0.142058
0.778031 0.479164 -0.142038
0.88723 0.479166 -0.0164526
0.479223 0.645879 -0.264848
0.479223 0.47916 -0.264864
0.641391 0.479162 -0.235556
0.562029 0.479161 -0.259844
0.562028 0.395802 -0.259835
0.641392 0.395807 -0.235554
0.3976 0.479161 -0.249971
0.3976 0.395804 -0.249965
0.479223 0.395801 -0.264854
0.397598 0.645875 -0.249964
0.3976 0.562518 -0.249968
0.479223 0.56252 -0.264859
0.834937 0.479165 -0.0812844
0.834944 0.395827 -0.0812915
0.887232 0.395832 -0.0164542
0.713833 0.479163 -0.1949
0.713837 0.395814 -0.194905
0.778039 0.395821 -0.142046
0.713844 0.645861 -0.194914
0.713834 0.562512 -0.194901
0.778034 0.562508 -0.14204
0.253048 0.479164 -0.169718
0.253041 0.395817 -0.169725
0.321382 0.39581 -0.217031
0.138554 0.479166 -0.049164
0.138549 0.395829 -0.0491687
0.192732 0.395824 -0.112404
0.138544 0.645839 -0.0491739
0.138553 0.562503 -0.0491653
0.192737 0.562506 -0.112398
0.252913 0.812544 -0.169877
0.252993 0.729201 -0.169786
0.32135 0.729219 -0.21708
0.138484 0.812505 -0.0492255
0.138521 0.729174 -0.0491949
0.192682 0.729186 -0.112457
0.138668 0.97918 -0.0490232
0.138477 0.895836 -0.0492169
0.192592 0.895856 -0.112507
0.562058 0.812592 -0.259959
0.562035 0.729237 -0.259854
0.641414 0.729226 -0.235592
0.397548 0.812586 -0.250097
0.397586 0.729232 -0.249992
0.479221 0.729239 -0.264867
0.397796 0.979286 -0.249103
0.397524 0.895931 -0.250124
0.479208 0.89594 -0.265011
0.835043 0.812512 -0.0813826
0.834986 0.729179 -0.0813337
0.887242 0.729169 -0.0164634
0.713952 0.812556 -0.195058
0.713878 0.72921 -0.194961
0.778092 0.729193 -0.142106
0.713518 0.979249 -0.19426
0.713983 0.895897 -0.195054
0.778192 0.895868 -0.14217
0.252877 0.145787 -0.169906
0.25301 0.0624452 -0.169664
0.321359 0.062417 -0.216942
0.138471 0.14583 -0.0492317
0.138532 0.0624947 -0.0491558
0.192699 0.0624738 -0.112369
0.138535 0.312493 -0.0491828
0.138504 0.22916 -0.0492101
0.192648 0.229146 -0.112489
0.562072 0.145735 -0.260018
0.562034 0.0623899 -0.25972
0.641407 0.0624056 -0.235453
0.397525 0.145741 -0.250152
0.397587 0.062396 -0.249856
0.47922 0.0623865 -0.264735
0.397594 0.312446 -0.249971
0.39757 0.22909 -0.250036
0.479218 0.229082 -0.264909
0.835065 0.145823 -0.0813939
0.834971 0.0624861 -0.0812692
0.887238 0.0624993 -0.0164506
0.713988 0.145774 -0.195095
0.713863 0.062431 -0.194828
0.778072 0.0624605 -0.141999
0.713857 0.312465 -0.194931
0.713911 0.229117 -0.195006
0.778127 0.229137 -0.142144
0.834966 0.312489 -0.0813136
0.835013 0.229154 -0.0813575
0.887248 0.229165 -0.0164683
0.56203 0.312443 -0.259835
0.562044 0.229085 -0.259895
0.641435 0.229098 -0.235636
0.253017 0.312471 -0.169756
0.252956 0.229127 -0.169829
0.321322 0.229107 -0.217126
0.834754 0.97919 -0.081047
0.835055 0.895844 -0.0813688
0.887257 0.895833 -0.0164702
0.561906 0.979293 -0.258934
0.562075 0.895937 -0.259993
0.641495 0.895921 -0.235712
0.253358 0.979233 -0.169177
0.252886 0.895883 -0.169865
0.321254 0.89591 -0.217187
0.253032 0.645856 -0.169736
0.253046 0.56251 -0.16972
0.321383 0.562514 -0.21703
0.834952 0.645843 -0.0812998
0.834939 0.562504 -0.0812863
0.887231 0.562501 -0.016453
0.562029 0.645878 -0.259832
0.562028 0.562519 -0.25984
0.641391 0.562516 -0.235555
0.6024 0.562518 -0.249968
0.6024 0.520839 -0.24997
0.641391 0.520839 -0.235556
0.520777 0.56252 -0.264859
0.520777 0.52084 -0.264863
0.562029 0.52084 -0.259843
0.520777 0.645879 -0.264848
0.520777 0.604199 -0.264853
0.562028 0.604198 -0.259835
0.861447 0.562503 -0.0491649
0.861445 0.520834 -0.0491635
0.88723 0.520834 -0.0164525
0.807262 0.562506 -0.112397
0.80726 0.520835 -0.112394
0.834937 0.520835 -0.0812843
0.807277 0.645846 -0.112413
0.807268 0.604176 -0.112403
0.834943 0.604174 -0.0812911
0.286166 0.562512 -0.194901
0.286167 0.520837 -0.1949
0.321384 0.520838 -0.217029
0.221966 0.562508 -0.142041
0.221968 0.520836 -0.142038
0.253048 0.520837 -0.169718
0.221951 0.645851 -0.142059
0.221961 0.604179 -0.142047
0.253041 0.604183 -0.169725
0.286017 0.895897 -0.195055
0.286011 0.854227 -0.195096
0.321252 0.85424 -0.217225
0.221807 0.895869 -0.142171
0.221796 0.8542 -0.14221
0.252877 0.854214 -0.169906
0.222254 0.979218 -0.141599
0.221926 0.93754 -0.142001
0.25301 0.937555 -0.169664
0.602476 0.89593 -0.250124
0.602474 0.854259 -0.250152
0.641495 0.85425 -0.235745
0.520792 0.89594 -0.265011
0.520792 0.854268 -0.265033
0.562072 0.854265 -0.260018
0.520735 0.979296 -0.263931
0.52078 0.937614 -0.264735
0.562035 0.93761 -0.25972
0.861523 0.895836 -0.0492165
0.861529 0.85417 -0.0492319
0.88726 0.854167 -0.0164758
0.807407 0.895855 -0.112506
0.807418 0.854187 -0.112539
0.835065 0.854177 -0.0813943
0.807019 0.979202 -0.112058
0.8073 0.937526 -0.112369
0.834972 0.937514 -0.0812695
0.286088 0.229117 -0.195007
0.286047 0.187444 -0.19506
0.321285 0.187433 -0.217183
0.221872 0.229137 -0.142146
0.22183 0.187468 -0.142187
0.252913 0.187456 -0.169877
0.221934 0.312478 -0.142078
0.221908 0.270807 -0.142107
0.252992 0.270799 -0.169786
0.602429 0.22909 -0.250035
0.602451 0.187414 -0.250097
0.641465 0.187423 -0.235696
0.520782 0.229082 -0.264909
0.520786 0.187406 -0.264972
0.562058 0.187409 -0.259959
0.520777 0.312441 -0.264851
0.520779 0.270761 -0.264868
0.562035 0.270763 -0.259854
0.861496 0.22916 -0.0492098
0.861516 0.187495 -0.0492248
0.887255 0.187499 -0.0164732
0.807351 0.229147 -0.112488
0.807389 0.187479 -0.112522
0.835043 0.187488 -0.081382
0.807294 0.312484 -0.112431
0.807318 0.270815 -0.112456
0.834986 0.270821 -0.081333
0.747043 0.229127 -0.169828
0.747086 0.187456 -0.169876
0.778169 0.187468 -0.142185
0.678677 0.229107 -0.217124
0.678714 0.187433 -0.217181
0.713952 0.187444 -0.195059
0.678632 0.312458 -0.217051
0.678649 0.270782 -0.217079
0.713878 0.27079 -0.194961
0.746989 0.0624455 -0.169662
0.746641 0.0207674 -0.169176
0.777745 0.0207825 -0.141598
0.678639 0.0624172 -0.21694
0.678319 0.0207372 -0.2163
0.713517 0.020751 -0.194259
0.678748 0.145761 -0.217224
0.678745 0.10409 -0.217186
0.713982 0.104103 -0.195053
0.861468 0.0624948 -0.0491557
0.861331 0.02082 -0.0490226
0.887191 0.0208289 -0.0164057
0.8073 0.0624741 -0.112368
0.807018 0.0207976 -0.112057
0.834753 0.0208096 -0.0810464
0.807418 0.145813 -0.112539
0.807407 0.104145 -0.112506
0.835054 0.104156 -0.0813686
0.437955 0.229085 -0.259896
0.437941 0.187408 -0.259959
0.479213 0.187406 -0.264972
0.358564 0.229097 -0.235637
0.358534 0.187423 -0.235697
0.397548 0.187414 -0.250098
0.358599 0.312452 -0.235567
0.358586 0.270774 -0.235593
0.397586 0.270768 -0.249993
0.437965 0.0623897 -0.25972
0.438094 0.0207072 -0.258934
0.479265 0.0207039 -0.263932
0.358591 0.0624054 -0.235454
0.358863 0.0207238 -0.234751
0.397795 0.0207143 -0.249104
0.358505 0.14575 -0.235746
0.358504 0.104078 -0.235712
0.397523 0.104069 -0.250124
0.602412 0.0623962 -0.249855
0.602203 0.0207146 -0.249103
0.641135 0.020724 -0.234749
0.520779 0.0623866 -0.264735
0.520734 0.020704 -0.263932
0.561905 0.0207074 -0.258934
0.520791 0.145732 -0.265033
0.520792 0.10406 -0.265011
0.562074 0.104063 -0.259993
0.164987 0.229154 -0.0813581
0.164957 0.187488 -0.0813825
0.19261 0.187479 -0.112523
0.112752 0.229165 -0.0164684
0.112745 0.187499 -0.0164733
0.138484 0.187495 -0.0492251
0.112763 0.312498 -0.0164591
0.112758 0.270831 -0.0164633
0.138521 0.270826 -0.0491951
0.165029 0.0624859 -0.0812695
0.165246 0.0208093 -0.0810471
0.192981 0.0207973 -0.112058
0.112762 0.0624993 -0.0164507
0.112809 0.0208288 -0.0164059
0.138668 0.0208199 -0.049023
0.11274 0.145833 -0.0164757
0.112743 0.104167 -0.0164701
0.138478 0.104164 -0.0492162
0.286135 0.0624308 -0.19483
0.286481 0.0207509 -0.194262
0.321679 0.020737 -0.216302
0.221927 0.0624602 -0.142
0.222253 0.0207822 -0.1416
0.253358 0.0207672 -0.169178
0.221796 0.1458 -0.14221
0.221807 0.104131 -0.142171
0.252886 0.104117 -0.169865
0.747113 0.895882 -0.169864
0.747122 0.854213 -0.169905
0.778203 0.8542 -0.142209
0.678746 0.89591 -0.217186
0.678748 0.854239 -0.217224
0.713988 0.854226 -0.195095
0.678321 0.979263 -0.216301
0.67864 0.937583 -0.216941
0.713864 0.937569 -0.194829
0.747007 0.729201 -0.169786
0.746983 0.687529 -0.169755
0.778066 0.687522 -0.142077
0.67865 0.729218 -0.217079
0.678633 0.687542 -0.217052
0.713857 0.687535 -0.194931
0.678714 0.812567 -0.217181
0.678677 0.770893 -0.217124
0.713911 0.770883 -0.195006
0.861479 0.729174 -0.0491952
0.861465 0.687507 -0.0491826
0.887237 0.687502 -0.0164591
0.807319 0.729185 -0.112457
0.807294 0.687516 -0.112431
0.834966 0.687511 -0.0813138
0.80739 0.812521 -0.112522
0.807352 0.770854 -0.112489
0.835014 0.770846 -0.0813583
0.437925 0.895937 -0.259993
0.437927 0.854265 -0.260018
0.479208 0.854268 -0.265033
0.358504 0.895922 -0.235712
0.358505 0.854251 -0.235746
0.397525 0.854259 -0.250152
0.358864 0.979277 -0.23475
0.358592 0.937595 -0.235454
0.397588 0.937604 -0.249856
0.437964 0.729237 -0.259854
0.437969 0.687558 -0.259835
0.479222 0.687559 -0.26485
0.358586 0.729226 -0.235592
0.358599 0.687549 -0.235567
0.397594 0.687554 -0.249971
0.358534 0.812578 -0.235696
0.358564 0.770903 -0.235636
0.397571 0.77091 -0.250035
0.602414 0.729232 -0.249992
0.602405 0.687554 -0.249971
0.641401 0.687548 -0.235567
0.520779 0.729239 -0.264867
0.520777 0.687559 -0.26485
0.562031 0.687557 -0.259835
0.520786 0.812595 -0.264972
0.520782 0.770918 -0.264908
0.562045 0.770915 -0.259895
0.164945 0.895844 -0.0813697
0.164934 0.854178 -0.081395
0.192581 0.854188 -0.11254
0.112743 0.895833 -0.0164703
0.11274 0.854167 -0.0164759
0.13847 0.85417 -0.0492322
0.112808 0.979171 -0.0164059
0.112761 0.937501 -0.0164509
0.138532 0.937505 -0.0491564
0.165014 0.729179 -0.0813335
0.165034 0.687511 -0.0813139
0.192706 0.687516 -0.112431
0.112758 0.729169 -0.0164632
0.112763 0.687502 -0.016459
0.138535 0.687507 -0.0491825
0.112745 0.812501 -0.0164734
0.112752 0.770835 -0.0164685
0.138504 0.77084 -0.0492102
0.286121 0.72921 -0.194962
0.286143 0.687536 -0.194932
0.321367 0.687542 -0.217052
0.221908 0.729193 -0.142107
0.221934 0.687522 -0.142078
0.253017 0.687529 -0.169756
0.22183 0.812532 -0.142187
0.221872 0.770863 -0.142145
0.252957 0.770873 -0.169829
0.165061 0.562504 -0.0812869
0.165063 0.520835 -0.0812849
0.192739 0.520835 -0.112395
0.112769 0.562501 -0.0164531
0.11277 0.520834 -0.0164526
0.138554 0.520834 -0.0491639
0.112766 0.645835 -0.0164561
0.112768 0.604168 -0.0164542
0.13855 0.604171 -0.0491684
0.165056 0.395826 -0.081292
0.165047 0.354157 -0.0813006
0.192722 0.354154 -0.112414
0.112768 0.395832 -0.0164543
0.112766 0.354165 -0.0164562
0.138544 0.354161 -0.0491742
0.11277 0.479166 -0.0164526
0.112769 0.437499 -0.0164532
0.138553 0.437497 -0.0491655
0.286163 0.395814 -0.194905
0.286156 0.354139 -0.194914
0.321377 0.354134 -0.217037
0.221961 0.395821 -0.142047
0.221951 0.354149 -0.142058
0.253033 0.354144 -0.169736
0.221968 0.479164 -0.142038
0.221966 0.437492 -0.142041
0.253046 0.437491 -0.16972
0.746954 0.56251 -0.16972
0.746952 0.520837 -0.169718
0.778032 0.520836 -0.142038
0.678617 0.562514 -0.21703
0.678616 0.520838 -0.21703
0.713833 0.520837 -0.1949
0.678623 0.645866 -0.217037
0.678619 0.60419 -0.217032
0.713838 0.604186 -0.194905
0.746958 0.395818 -0.169725
0.746967 0.354145 -0.169736
0.778049 0.354149 -0.142058
0.678618 0.39581 -0.217031
0.678623 0.354134 -0.217036
0.713844 0.354139 -0.194913
0.678616 0.479162 -0.21703
0.678617 0.437486 -0.21703
0.713834 0.437489 -0.194901
0.86145 0.395829 -0.0491683
0.861456 0.354161 -0.0491738
0.887234 0.354165 -0.0164561
0.807268 0.395824 -0.112403
0.807278 0.354154 -0.112414
0.834952 0.354158 -0.0813
0.80726 0.479165 -0.112394
0.807262 0.437494 -0.112397
0.834939 0.437496 -0.0812866
0.437971 0.562519 -0.259841
0.437971 0.52084 -0.259844
0.479223 0.52084 -0.264864
0.358609 0.562516 -0.235555
0.358609 0.520839 -0.235556
0.3976 0.520839 -0.249971
0.358605 0.645871 -0.235557
0.358608 0.604193 -0.235555
0.3976 0.604196 -0.249965
0.437972 0.395802 -0.259836
0.437971 0.354122 -0.259832
0.479223 0.354121 -0.264849
0.358608 0.395807 -0.235554
0.358605 0.354129 -0.235557
0.397598 0.354125 -0.249964
0.358609 0.479162 -0.235556
0.358609 0.437484 -0.235555
0.3976 0.437483 -0.249969
0.6024 0.395804 -0.249965
0.602401 0.354125 -0.249963
0.641394 0.354129 -0.235556
0.520777 0.395801 -0.264854
0.520777 0.354121 -0.264849
0.562028 0.354122 -0.259832
0.520777 0.47916 -0.264864
0.520777 0.437481 -0.26486
0.562028 0.437481 -0.259841
0.6024 0.479161 -0.24997
0.6024 0.437483 -0.249968
0.641391 0.437484 -0.235555
0.437971 0.479161 -0.259844
0.437971 0.437481 -0.259841
0.479223 0.437481 -0.26486
0.437971 0.645878 -0.259832
0.437972 0.604198 -0.259835
0.479223 0.604199 -0.264853
0.861445 0.479166 -0.0491636
0.861447 0.437497 -0.0491651
0.887231 0.437499 -0.0164531
0.746952 0.479164 -0.169718
0.746954 0.437491 -0.16972
0.778034 0.437493 -0.14204
0.746967 0.645856 -0.169736
0.746959 0.604183 -0.169725
0.778039 0.604179 -0.142046
0.286167 0.479163 -0.1949
0.286166 0.437488 -0.194901
0.321384 0.437486 -0.217029
0.165063 0.479165 -0.0812849
0.165061 0.437496 -0.0812871
0.192737 0.437494 -0.112398
0.165048 0.645843 -0.0813003
0.165056 0.604174 -0.0812918
0.192732 0.604176 -0.112403
0.286047 0.812556 -0.19506
0.286089 0.770884 -0.195007
0.321322 0.770894 -0.217125
0.164957 0.812512 -0.0813829
0.164987 0.770846 -0.0813583
0.192648 0.770854 -0.112489
0.165246 0.979191 -0.0810473
0.165028 0.937514 -0.0812703
0.192699 0.937527 -0.11237
0.602451 0.812586 -0.250097
0.602429 0.77091 -0.250035
0.641435 0.770902 -0.235636
0.437941 0.812592 -0.259958
0.437955 0.770915 -0.259895
0.479218 0.770918 -0.264907
0.438095 0.979293 -0.258933
0.437965 0.93761 -0.25972
0.47922 0.937614 -0.264735
0.861516 0.812505 -0.0492253
0.861497 0.77084 -0.0492104
0.887248 0.770835 -0.0164685
0.747086 0.812544 -0.169876
0.747043 0.770873 -0.169828
0.778128 0.770863 -0.142145
0.746642 0.979233 -0.169177
0.746989 0.937555 -0.169663
0.778073 0.93754 -0.141999
0.286011 0.145773 -0.195096
0.286016 0.104103 -0.195055
0.321254 0.10409 -0.217187
0.164935 0.145823 -0.0813943
0.164945 0.104156 -0.0813687
0.192593 0.104145 -0.112507
0.165034 0.312489 -0.0813141
0.165014 0.270821 -0.0813336
0.192681 0.270815 -0.112457
0.602474 0.145741 -0.250152
0.602476 0.10407 -0.250123
0.641495 0.104079 -0.235711
0.437927 0.145735 -0.260018
0.437925 0.104063 -0.259993
0.479207 0.10406 -0.265011
0.437969 0.312443 -0.259836
0.437964 0.270763 -0.259855
0.479221 0.270761 -0.264868
0.861529 0.14583 -0.0492316
0.861522 0.104164 -0.0492162
0.887257 0.104167 -0.0164701
0.747122 0.145787 -0.169905
0.747113 0.104118 -0.169864
0.778192 0.104132 -0.14217
0.746982 0.312472 -0.169755
0.747007 0.270799 -0.169785
0.778091 0.270807 -0.142106
0.861465 0.312494 -0.0491824
0.861479 0.270827 -0.0491947
0.887242 0.270831 -0.0164632
0.602405 0.312446 -0.24997
0.602413 0.270768 -0.249991
0.641413 0.270774 -0.235591
0.286143 0.312465 -0.194932
0.286121 0.27079 -0.194962
0.321349 0.270782 -0.21708
0.861332 0.97918 -0.0490232
0.861468 0.937505 -0.0491561
0.887239 0.937501 -0.0164508
0.602204 0.979285 -0.249104
0.602412 0.937604 -0.249855
0.641408 0.937594 -0.235454
0.286482 0.97925 -0.194261
0.286135 0.93757 -0.19483
0.32136 0.937583 -0.216942
0.286155 0.645861 -0.194914
0.286162 0.604186 -0.194905
0.321381 0.60419 -0.217032
0.861456 0.645839 -0.0491737
0.86145 0.604171 -0.0491681
0.887232 0.604168 -0.0164541
0.602402 0.645875 -0.249964
0.6024 0.604196 -0.249965
0.641392 0.604193 -0.235554
-0.39238 -0.00240673 0.919794
-0.794166 0.00294649 0.607698
0.497663 -0.000974886 0.867358
0.499801 -0.000971884 0.866139
-0.399526 -0.00241936 0.916711
-0.799091 -0.0225974 0.600791
0.497965 -0.000878122 0.867186
-0.393152 -0.00214689 0.919471
-0.793896 -0.00355139 0.608045
-0.687017 -0.00160872 0.726639
-0.683322 -0.00166314 0.730109
-0.791732 0.00758564 0.610826
0.117969 -0.00293614 0.99302
0.114784 -0.00293881 0.993404
-0.397917 -0.00209005 0.917426
0.725688 -0.000890172 0.688018
0.723663 -0.000830186 0.69015
0.500129 -0.000769301 0.86595
-0.682004 -0.00121204 0.731341
-0.683925 -0.00126416 0.72955
-0.79166 -0.000734156 0.610964
0.102613 -0.00299 0.994727
0.116458 -0.00302693 0.993198
-0.398445 -0.00245951 0.917193
0.725674 -0.000945032 0.688034
0.722488 -0.000982917 0.691378
0.501531 -0.00100416 0.865134
0.726154 -0.000967128 0.687524
0.72682 -0.000913003 0.68682
0.497102 -0.000919186 0.867685
-0.687413 -0.00135124 0.726262
-0.687991 -0.00149497 0.725716
-0.794412 -0.000569246 0.607381
0.118775 -0.00298546 0.992902
0.118954 -0.00294395 0.992891
-0.391936 -0.0022323 0.919989
-0.223014 -0.000979612 0.974811
-0.223378 -0.000996968 0.974729
-0.392369 -0.00216034 0.919806
0.227149 -0.00107912 0.973858
0.226998 -0.00106189 0.973901
0.118618 -0.00292591 0.99292
0.227464 -0.0011664 0.973784
0.227154 -0.00112078 0.973859
0.118924 -0.00295893 0.992901
-0.761311 -0.0017463 0.64838
-0.761184 -0.00178399 0.648532
-0.794292 -0.002178 0.607534
-0.584868 -0.00165999 0.811123
-0.585049 -0.00164098 0.810992
-0.687801 -0.00155912 0.725896
-0.584908 -0.00172246 0.811099
-0.584836 -0.0016885 0.811145
-0.687885 -0.00142013 0.72581
0.641582 -0.000872418 0.767052
0.641435 -0.000850846 0.767177
0.497321 -0.000892763 0.867559
0.781402 0.00119658 0.624027
0.781029 0.00119406 0.624495
0.726477 -0.000904748 0.687178
0.78065 0.00121167 0.624963
0.781326 0.00121591 0.624127
0.726735 -0.00094454 0.686905
0.638417 -0.00070969 0.769686
0.640252 -0.000744115 0.768155
0.499009 -0.000985951 0.866592
0.77896 0.00111403 0.627075
0.779262 0.00112266 0.626699
0.724741 -0.000982398 0.689013
0.791945 -0.00471237 0.610575
0.783317 -0.000282628 0.621621
0.72183 -0.000979486 0.692063
-0.22239 -0.00083174 0.974962
-0.223117 -0.000839294 0.974796
-0.393957 -0.00246043 0.919131
0.230832 -0.00124599 0.972998
0.228611 -0.0012078 0.973518
0.118488 -0.00301806 0.992954
0.272233 -0.00105411 0.96223
0.23606 -0.00127216 0.97174
0.110973 -0.00303007 0.993829
-0.760335 -0.00162564 0.649529
-0.760871 -0.00162652 0.648899
-0.794214 0.00308395 0.607631
-0.585398 -0.00178079 0.810744
-0.585038 -0.00175095 0.811
-0.686172 -0.00130349 0.727425
-0.574376 -0.0018618 0.81859
-0.58452 -0.00182973 0.811368
-0.682178 -0.0012229 0.731175
0.636876 -0.00081495 0.770961
0.631558 -0.000832204 0.77534
0.497977 -0.00068131 0.867179
0.782105 0.00122134 0.623148
0.787337 0.00131883 0.616529
0.724573 -0.00078555 0.689185
0.780187 0.00128084 0.625541
0.779765 0.00129989 0.626069
0.724466 -0.000859146 0.689305
-0.220397 -0.000886407 0.975419
-0.20423 -0.000665336 0.978929
-0.403343 -0.00202897 0.915055
0.231893 -0.000993213 0.972744
0.25092 -0.000859552 0.968014
0.108533 -0.00288328 0.994091
0.227043 -0.00104639 0.973886
0.22769 -0.00101341 0.973736
0.116703 -0.00294939 0.993161
-0.761817 -0.00199452 0.647791
-0.767313 -0.00210351 0.641262
-0.788892 0.00875489 0.614484
-0.582401 -0.00144324 0.812905
-0.576577 -0.00144778 0.817056
-0.681805 -0.00164911 0.731543
-0.585195 -0.0015793 0.810894
-0.584768 -0.00148747 0.811204
-0.685382 -0.00164674 0.728182
-0.760787 -0.00182369 0.648996
-0.760596 -0.00189073 0.649227
-0.793174 -0.00133149 0.608991
-0.223657 -0.000969299 0.974672
-0.223595 -0.000939898 0.974681
-0.394884 -0.00213448 0.91873
0.640925 -0.000829571 0.767603
0.639641 -0.000805351 0.76867
0.49912 -0.000842317 0.866534
-0.77032 -0.00202792 0.637656
-0.761361 -0.00169965 0.648319
-0.784546 -0.00227359 0.620073
-0.196065 -0.000420061 0.980595
-0.216903 -0.000743284 0.976202
-0.405188 -0.00244036 0.914236
0.633189 -0.000720583 0.77399
0.636745 -0.000714059 0.77107
0.503543 -0.000992941 0.863966
0.641235 -0.000801455 0.767342
0.641551 -0.000846806 0.767074
0.497176 -0.000955968 0.867638
-0.761046 -0.00166545 0.648692
-0.761236 -0.00170231 0.648472
-0.794296 0.00108071 0.607534
-0.223281 -0.000877667 0.974753
-0.223096 -0.000933957 0.974797
-0.391931 -0.00232699 0.919987
-0.227068 -0.00110756 0.973881
-0.227067 0.0010883 0.973876
-0.391933 0.00224677 0.919979
-0.118829 -0.00295711 0.99291
-0.118869 0.00295778 0.992898
-0.223013 0.000977417 0.974813
-0.11867 -0.00298892 0.992918
-0.118519 0.00294276 0.992938
-0.223385 0.000995924 0.974729
-0.781273 0.00119724 0.624193
-0.781353 -0.00115338 0.624092
-0.794405 0.000579907 0.607392
-0.726683 -0.000962876 0.686965
-0.726763 0.000944588 0.686882
-0.761311 0.00176288 0.648384
-0.726094 -0.000981003 0.687587
-0.726431 0.000930177 0.687239
-0.761176 0.00180095 0.648543
0.584905 -0.00169025 0.811094
0.584932 0.00167325 0.811075
0.497099 0.000921296 0.867688
0.687942 -0.00141184 0.725753
0.68804 0.00151234 0.725665
0.64158 0.000889632 0.767053
0.687477 -0.0013348 0.726201
0.687853 0.00158479 0.725846
0.641432 0.000874586 0.767181
0.584596 -0.0018313 0.811319
0.582468 0.00146714 0.812855
0.500122 0.000787491 0.865954
0.682262 -0.0012135 0.731103
0.683377 0.00169876 0.73006
0.636882 0.000852633 0.770962
0.682083 -0.0011948 0.731265
0.681867 0.00168206 0.731479
0.631562 0.000858431 0.775337
-0.23597 -0.00125902 0.971766
-0.231776 0.000997169 0.972769
-0.397911 0.00212027 0.917425
-0.110875 -0.00303372 0.993843
-0.114703 0.00296526 0.993397
-0.220416 0.000891306 0.975407
-0.102536 -0.00299449 0.994738
-0.108485 0.00290884 0.994091
-0.204217 0.000662408 0.978922
-0.783266 -0.000306033 0.621682
-0.782042 -0.00117881 0.623229
-0.791731 -0.00757888 0.610829
-0.72176 -0.00100426 0.692135
-0.723596 0.000851367 0.69022
-0.761783 0.00201903 0.647831
-0.725603 -0.000977456 0.688114
-0.724513 0.000823097 0.689267
-0.767247 0.00212683 0.641355
0.584825 -0.00149441 0.811154
0.585471 0.00179629 0.810684
0.501529 0.00100965 0.865126
0.685423 -0.00165279 0.728139
0.683988 0.00129365 0.729485
0.638421 0.000743069 0.769684
0.687058 -0.00160982 0.726598
0.686239 0.00133044 0.727366
0.640258 0.000772339 0.768164
-0.227611 -0.000999614 0.973751
-0.230767 0.00125957 0.973017
-0.398469 0.00248386 0.917185
-0.116625 -0.00295249 0.993168
-0.116342 0.00303763 0.99321
-0.222372 0.00084739 0.974965
-0.11788 -0.00294157 0.993031
-0.118391 0.00302544 0.992962
-0.223104 0.000848548 0.974798
-0.779732 0.00128676 0.626112
-0.778938 -0.00107608 0.627098
-0.791667 0.00075101 0.610956
-0.724433 -0.00086405 0.689347
-0.722442 0.00102044 0.691422
-0.760368 0.00164397 0.649482
-0.725644 -0.000896485 0.688065
-0.724698 0.00101445 0.689065
-0.760904 0.00165104 0.648867
-0.639587 -0.000800659 0.768722
-0.638371 0.000747121 0.769739
-0.68394 0.00128886 0.729537
-0.499048 -0.000836337 0.866579
-0.501465 0.00101058 0.865178
-0.585411 0.00180137 0.810743
-0.497901 -0.000874819 0.86723
-0.498943 0.00100379 0.866639
-0.585051 0.0017746 0.811002
-0.6315 -0.000822832 0.775397
-0.633118 0.000769948 0.77404
-0.682022 0.00123774 0.731321
-0.497932 -0.000672722 0.867222
-0.499743 0.000997466 0.866164
-0.574378 0.00188789 0.818577
-0.500061 -0.000761829 0.865998
-0.503476 0.00100905 0.864015
-0.584534 0.00185451 0.811369
-0.787314 0.0012864 0.616564
-0.79185 0.00470193 0.6107
-0.799101 0.0226125 0.600776
-0.724524 -0.000792651 0.68924
-0.725646 0.000990434 0.68807
-0.770399 0.00203762 0.637564
-0.723619 -0.000834036 0.690198
-0.721783 0.0010247 0.692124
-0.761397 0.00172721 0.648287
0.223659 -0.000944617 0.974668
0.22244 0.000830457 0.974949
0.116428 0.00304134 0.9932
0.394943 -0.00214642 0.918708
0.398528 0.00248253 0.917146
0.230857 0.00125313 0.972988
0.393231 -0.00215464 0.919433
0.394049 0.00247795 0.919094
0.228604 0.00121634 0.973525
0.204295 -0.000659263 0.978915
0.196131 0.000448552 0.980576
0.102604 0.00300775 0.994713
0.403426 -0.00205311 0.915009
0.39962 0.00243708 0.916673
0.272235 0.00106408 0.962232
0.397974 -0.00210687 0.917393
0.405265 0.00245887 0.914199
0.236082 0.00127961 0.971735
-0.250839 -0.0008505 0.968037
-0.27218 0.00107866 0.962244
-0.39951 0.00244398 0.916718
-0.108442 -0.00288615 0.994099
-0.102518 0.00300553 0.994725
-0.196046 0.000465999 0.980594
-0.114696 -0.00293657 0.993414
-0.110814 0.00304598 0.993836
-0.21691 0.000762336 0.976193
0.760628 -0.00187871 0.649183
0.760401 0.00165819 0.64944
0.722485 0.00102783 0.691373
0.793203 -0.001319 0.608954
0.791706 0.000773861 0.610904
0.778965 -0.00106276 0.627062
0.793932 -0.00353687 0.607995
0.794257 -0.00304898 0.607574
0.779257 -0.00107618 0.626705
0.767329 -0.00208665 0.641237
0.770413 0.00205698 0.637552
0.725678 0.00099999 0.688035
0.788968 0.00881531 0.614386
0.799112 0.0226743 0.600759
0.791927 0.00476239 0.610603
0.791779 0.0076129 0.610766
0.784578 0.00228133 0.620031
0.783319 0.00033917 0.621622
0.576626 -0.00145394 0.817002
0.57445 0.00188045 0.818539
0.499796 0.000982601 0.866139
0.68186 -0.00163653 0.73149
0.682071 0.00124355 0.731276
0.633179 0.000764651 0.774
0.683376 -0.00166104 0.730056
0.68226 0.00125318 0.731106
0.636743 0.000751837 0.771072
-0.636667 -0.000727922 0.771127
-0.636807 0.000842291 0.771031
-0.683302 0.00169192 0.730134
-0.503477 -0.000987464 0.864006
-0.50006 0.000788525 0.865996
-0.582398 0.00147279 0.812911
-0.499717 -0.000967541 0.866187
-0.497908 0.000700776 0.867223
-0.576556 0.00147069 0.817054
-0.64018 -0.000743816 0.768215
-0.640865 0.000842929 0.767656
-0.686997 0.00162957 0.726659
-0.498936 -0.000984426 0.866634
-0.497895 0.000899107 0.867222
-0.585174 0.00159845 0.810899
-0.501466 -0.000999242 0.865176
-0.499052 0.000864791 0.866569
-0.584764 0.00151726 0.81121
-0.779205 0.00110367 0.626767
-0.780143 -0.00124877 0.625599
-0.793893 0.00357658 0.608049
-0.724678 -0.000995633 0.68908
-0.72563 0.000919051 0.688082
-0.760774 0.00184782 0.649013
-0.722425 -0.00100257 0.691446
-0.7244 0.000885869 0.689373
-0.760561 0.00190774 0.649258
0.216952 -0.000746005 0.976188
0.22047 0.000886232 0.975396
0.114815 0.00295625 0.993385
0.405272 -0.00244932 0.914192
0.398003 0.00212711 0.917377
0.231866 0.000997456 0.972742
0.399606 -0.00243595 0.916685
0.40342 0.00205539 0.915009
0.250928 0.000873073 0.96801
0.223203 -0.000835756 0.974777
0.223773 0.000963429 0.97464
0.117971 0.00295287 0.993008
0.394055 -0.00246237 0.919081
0.393226 0.00216616 0.919438
0.227046 0.00104137 0.973888
0.398547 -0.00246633 0.917147
0.394947 0.00216094 0.918694
0.227681 0.00101275 0.973736
-0.228522 -0.0012047 0.973546
-0.226949 0.00104619 0.973906
-0.393125 0.00216874 0.919475
-0.118384 -0.00301936 0.992966
-0.117861 0.0029514 0.993023
-0.223672 0.000982407 0.974665
-0.11635 -0.00303575 0.993213
-0.116631 0.00297117 0.993177
-0.223589 0.000945866 0.974687
0.761433 -0.0016805 0.648236
0.761843 0.00205331 0.647762
0.72367 0.000875119 0.690145
0.784602 -0.00220829 0.62
0.791797 -0.00754282 0.610743
0.782107 -0.00116045 0.623147
0.799089 -0.0226714 0.600791
0.788959 -0.00874179 0.61439
0.787332 -0.00124418 0.616537
0.760921 -0.00160349 0.648842
0.760822 0.0018654 0.648953
0.725684 0.00093291 0.688016
0.794262 0.0031184 0.607569
0.793934 0.00360314 0.607997
0.780199 -0.001236 0.625531
0.791729 -0.000704417 0.610876
0.793215 0.00140183 0.608941
0.779769 -0.00125034 0.626065
0.585106 -0.00175648 0.81095
0.585254 0.00159361 0.810846
0.497967 0.000892459 0.867186
0.686237 -0.00128959 0.727363
0.687058 0.00164156 0.726592
0.640926 0.000848062 0.767602
0.683991 -0.00125196 0.729481
0.685422 0.00168219 0.728151
0.639646 0.000831137 0.76868
0.761284 -0.00169366 0.648414
0.761357 0.00178437 0.648326
0.726816 0.000960612 0.686823
0.794333 0.00110906 0.607485
0.794441 0.000603569 0.607344
0.7814 -0.00113483 0.62403
0.794211 0.00297731 0.607636
0.794326 0.00222802 0.60749
0.781042 -0.00114273 0.624478
0.76123 -0.00176565 0.648473
0.761109 0.00170095 0.648615
0.726152 0.00100651 0.687521
0.79432 -0.00215762 0.607499
0.794204 -0.00291479 0.607646
0.78064 -0.00116439 0.624978
0.794441 -0.00054201 0.607345
0.794331 -0.00103971 0.607488
0.781316 -0.00115333 0.62414
0.585112 -0.00164109 0.810949
0.584975 0.00173732 0.811038
0.497673 0.000982948 0.867355
0.687846 -0.00154987 0.725846
0.687474 0.00136343 0.726196
0.641234 0.000826385 0.767335
0.68804 -0.00148349 0.725665
0.687942 0.00144129 0.725757
0.641555 0.000867234 0.767075
-0.641491 -0.000849022 0.767126
-0.641518 0.000888179 0.767112
-0.687988 0.00150858 0.725717
-0.497111 -0.000946626 0.867674
-0.497026 0.000928428 0.867723
-0.584868 0.00168099 0.811125
-0.497601 -0.000969515 0.867399
-0.497254 0.000907678 0.867604
-0.585042 0.001655 0.811001
-0.641378 -0.000853808 0.767229
-0.641181 0.000831581 0.76739
-0.687433 0.00136667 0.726244
-0.497253 -0.000892347 0.867593
-0.497608 0.000991384 0.867405
-0.584917 0.00174424 0.811093
-0.497029 -0.000914977 0.867733
-0.497122 0.000971545 0.867683
-0.584851 0.00170448 0.811145
-0.780994 0.001178 0.62454
-0.780604 -0.00116791 0.625026
-0.794172 -0.00293555 0.607689
-0.726435 -0.000918869 0.687229
-0.726109 0.00100213 0.687577
-0.761063 0.00168304 0.648675
-0.726766 -0.000928471 0.686879
-0.72669 0.000971102 0.686961
-0.761244 0.00172575 0.648466
0.223187 -0.000932594 0.974778
0.223115 0.00097007 0.974792
0.118953 0.00294489 0.99289
0.392024 -0.00233804 0.919946
0.392026 0.00225044 0.919955
0.227149 0.00108461 0.973865
0.392479 -0.00241888 0.919748
0.392433 0.00217663 0.919766
0.226989 0.00106255 0.97389
0.22348 -0.000994666 0.974703
0.223362 0.000869676 0.974733
0.118773 0.00299377 0.992918
0.392444 -0.00217246 0.919776
0.392483 0.00243355 0.919758
0.227474 0.0011648 0.973788
0.392025 -0.00224644 0.919948
0.392023 0.00234749 0.919948
0.227161 0.0011176 0.973858
-0.226913 -0.00105115 0.97392
-0.227391 0.00117542 0.97381
-0.392411 0.00242861 0.919796
-0.118534 -0.00293101 0.992932
-0.118697 0.00299129 0.992928
-0.223268 0.000883717 0.974755
-0.118871 -0.00294357 0.9929
-0.118842 0.0029703 0.992916
-0.2231 0.000939957 0.974799
-0.227064 -0.00106268 0.973877
-0.227069 0.00112667 0.973885
-0.391954 0.0023416 0.919989
0.223118 -0.000981366 0.974788
0.223197 0.000940368 0.974777
0.118923 0.00296247 0.992907
0.223368 -0.000875312 0.97473
0.223485 0.000980229 0.974704
0.118615 0.00293552 0.992924
-0.781356 0.00117446 0.624083
-0.781279 -0.00117254 0.624185
-0.794301 -0.00107444 0.607526
-0.641524 -0.000873717 0.767102
-0.641497 0.000867033 0.767127
-0.687894 0.00144038 0.725804
-0.641171 -0.000805102 0.7674
-0.641368 0.000872667 0.767232
-0.687792 0.00157413 0.725905
0.584935 -0.00166253 0.811073
0.584906 0.00170033 0.8111
0.497184 0.000964996 0.867637
0.761364 -0.00173297 0.648318
0.761292 0.00174531 0.648408
0.726736 0.0009848 0.686911
0.761095 -0.00164821 0.648631
0.76123 0.00181834 0.648478
0.72649 0.000944566 0.687174
0.585475 -0.00177978 0.810686
0.584833 0.00151287 0.811155
0.499114 0.000859872 0.866526
0.760396 -0.00159677 0.649458
0.760615 0.00193208 0.649197
0.724463 0.000904082 0.689309
0.770405 -0.00199474 0.637552
0.767341 0.00215637 0.641245
0.724575 0.000839464 0.689197
-0.230742 -0.00124281 0.973018
-0.227592 0.00101348 0.973759
-0.394849 0.00216356 0.918742
0.222462 -0.000829332 0.974945
0.223678 0.000932188 0.974665
0.116733 0.00296034 0.993164
0.196116 -0.000430221 0.980582
0.204271 0.000659819 0.97892
0.108575 0.00289962 0.994086
-0.778907 0.0011007 0.627142
-0.779713 -0.00126923 0.626135
-0.793157 0.00136818 0.609017
-0.638353 -0.000716878 0.769743
-0.63958 0.000825493 0.768735
-0.685353 0.00167479 0.728212
-0.633105 -0.000729886 0.774062
-0.631488 0.000853092 0.775395
-0.681787 0.00167335 0.731554
0.582463 -0.00144716 0.812857
0.584594 0.001845 0.811321
0.503548 0.00100323 0.863967
0.76185 -0.00198342 0.647751
0.761434 0.00174206 0.648239
0.721826 0.00103255 0.692072
0.760832 -0.00181023 0.648942
0.760937 0.00166632 0.648823
0.724738 0.00102612 0.689014
-0.231801 -0.000977588 0.972769
-0.235987 0.00129533 0.971762
-0.405191 0.00246409 0.91424
0.220455 -0.000885644 0.975406
0.216954 0.000754462 0.976181
0.110927 0.00303415 0.993824
0.223749 -0.000968733 0.97465
0.223181 0.000832578 0.974782
0.118474 0.00302448 0.992954
-0.782071 0.00120637 0.623191
-0.783315 0.000329937 0.621627
-0.784501 0.00227227 0.620127
-0.636819 -0.000815787 0.771011
-0.636686 0.000749528 0.771122
-0.682204 0.00125367 0.731164
-0.64087 -0.000823424 0.767655
-0.640203 0.000775216 0.768212
-0.686198 0.00132638 0.727414
-0.780157 0.00126976 0.625581
-0.779221 -0.00108237 0.626751
-0.794226 -0.00305605 0.607615
-0.226969 -0.00103606 0.973906
-0.228524 0.00122398 0.973541
-0.393985 0.00247397 0.919116
0.58525 -0.00158 0.810846
0.585112 0.00176782 0.810958
0.499009 0.000999255 0.866601
-0.791851 -0.00469881 0.610697
-0.787275 -0.00127955 0.616605
-0.788949 -0.00875518 0.614403
-0.27214 -0.00104438 0.96225
-0.250837 0.000866977 0.968032
-0.403344 0.0020527 0.915049
0.574457 -0.00185943 0.818527
0.576634 0.0014697 0.817004
0.497985 0.000693356 0.86718
0.584976 -0.00172702 0.811042
0.585109 0.0016531 0.810955
0.49732 0.000901652 0.867563
-0.780595 0.00119356 0.625036
-0.780985 -0.00116126 0.624551
-0.79428 0.00220502 0.60755
-0.227374 -0.00116284 0.973807
-0.2269 0.00106924 0.973918
-0.392344 0.00217949 0.919816
