0.902328 0.902328 0.0124348
0.440642 0.902473 0.182358
0.443979 0.443977 0.12835
0.902474 0.440644 0.182358
0.673293 0.444154 0.135959
0.67389 0.214577 0.118009
0.901948 0.215969 0.0936831
0.2158 0.443182 0.139366
0.215603 0.215604 0.10828
0.44317 0.215803 0.139318
0.215969 0.901949 0.0936846
0.214574 0.673888 0.118004
0.444169 0.673269 0.135965
0.671917 0.901815 0.10711
0.673663 0.673665 0.123046
0.901814 0.671917 0.107111
0.786946 0.67322 0.109583
0.78655 0.558437 0.141299
0.904139 0.561061 0.153387
0.560129 0.674483 0.137464
0.558619 0.558616 0.126437
0.67448 0.56012 0.137464
0.561058 0.904137 0.153386
0.558447 0.786547 0.141291
0.673217 0.786943 0.109582
0.328745 0.674316 0.128418
0.33112 0.558769 0.12861
0.444264 0.558603 0.130801
0.10112 0.67458 0.109337
0.101268 0.557888 0.142009
0.214003 0.56129 0.137183
0.10306 0.903398 0.0493
0.100923 0.787892 0.075295
0.215674 0.78788 0.101039
0.32656 0.213789 0.127912
0.329558 0.102699 0.138852
0.443671 0.101329 0.151501
0.10127 0.213399 0.100024
0.0964187 0.0964183 0.0715384
0.213405 0.101275 0.10002
0.101322 0.443675 0.15151
0.102701 0.329567 0.138856
0.213789 0.326571 0.127906
0.787878 0.215672 0.101033
0.787894 0.100922 0.0752966
0.903399 0.103057 0.0493
0.561299 0.214003 0.137163
0.557869 0.101273 0.142031
0.674572 0.101121 0.109326
0.558608 0.444242 0.130721
0.558792 0.331129 0.128602
0.674314 0.328741 0.12844
0.786746 0.444958 0.143359
0.785969 0.329028 0.136967
0.903032 0.327496 0.142798
0.329986 0.443749 0.13304
0.329514 0.329522 0.126708
0.443735 0.329987 0.13304
0.327496 0.903031 0.142798
0.329034 0.785974 0.136978
0.444965 0.786747 0.143357
0.787258 0.903077 0.0561286
0.785019 0.785019 0.0776596
0.903077 0.787259 0.0561283
0.84437 0.786218 0.0702964
0.843594 0.728355 0.0892077
0.902171 0.729988 0.0826996
0.72898 0.787717 0.0937192
0.729639 0.729639 0.102057
0.787717 0.728981 0.0937208
0.729988 0.902171 0.0827
0.728355 0.843595 0.0892082
0.786217 0.84437 0.0702965
0.383888 0.784861 0.146872
0.385521 0.730962 0.137135
0.443797 0.72987 0.142272
0.27219 0.787117 0.115691
0.271204 0.730263 0.118658
0.327407 0.729418 0.130853
0.271683 0.902687 0.118859
0.27326 0.843096 0.117803
0.327787 0.841743 0.139454
0.386862 0.328842 0.131652
0.38554 0.272681 0.135941
0.444291 0.271758 0.132502
0.272848 0.330167 0.128935
0.273456 0.273457 0.126308
0.330177 0.272844 0.128931
0.271744 0.444286 0.132504
0.27268 0.385539 0.135945
0.328848 0.386862 0.131654
0.841742 0.327785 0.13945
0.843097 0.273261 0.117802
0.902685 0.271684 0.11886
0.729405 0.327415 0.130839
0.73025 0.271216 0.118658
0.787121 0.272197 0.115684
0.729871 0.443802 0.14227
0.730971 0.385521 0.137108
0.784862 0.383899 0.146855
0.616016 0.329252 0.126783
0.614888 0.271251 0.129673
0.673456 0.272111 0.1265
0.501811 0.329139 0.131441
0.500745 0.271869 0.133545
0.559753 0.273959 0.133693
0.501122 0.443755 0.129824
0.500948 0.386133 0.128585
0.558343 0.386664 0.130384
0.617845 0.101275 0.127804
0.619142 0.0428223 0.128738
0.671352 0.0440809 0.107626
0.500401 0.0999021 0.154391
0.50415 0.0469973 0.168995
0.564153 0.0442843 0.146744
0.50215 0.215676 0.137902
0.498785 0.158203 0.143482
0.560907 0.158505 0.142376
0.846083 0.0993791 0.0672497
0.846416 0.0440638 0.0485403
0.902108 0.0425846 0.0250069
0.727426 0.101016 0.0926517
0.729877 0.0435922 0.0873493
0.785173 0.0430896 0.0639532
0.729028 0.215545 0.105909
0.729345 0.158473 0.0969951
0.787754 0.159114 0.0854053
0.156713 0.329488 0.132847
0.157459 0.272573 0.118523
0.215041 0.270275 0.121552
0.0435549 0.325515 0.140558
0.045076 0.271755 0.119352
0.09954 0.269841 0.118521
0.0480457 0.43995 0.166306
0.0457122 0.384471 0.159088
0.0980787 0.388061 0.149316
0.157219 0.102511 0.0850394
0.156816 0.044744 0.073355
0.218732 0.0425586 0.0934247
0.0431719 0.10385 0.0599269
0.0414294 0.0414295 0.0366045
0.103847 0.0431746 0.0599262
0.0425552 0.218738 0.0934235
0.044744 0.15681 0.0733565
0.102513 0.157223 0.0850436
0.388083 0.0980438 0.149305
0.384452 0.0457132 0.159089
0.439945 0.0480514 0.166302
0.269848 0.0995402 0.118521
0.271754 0.0450731 0.119348
0.325525 0.0435587 0.14056
0.270275 0.215042 0.121545
0.272573 0.157455 0.118521
0.329493 0.156718 0.132841
0.159116 0.78776 0.0854003
0.158468 0.729349 0.0970064
0.21555 0.729018 0.105905
0.0430915 0.785167 0.0639517
0.0435924 0.729881 0.0873433
0.101014 0.727423 0.092666
0.0425842 0.902109 0.0250065
0.0440626 0.846416 0.0485394
0.0993764 0.846086 0.0672485
0.158493 0.560876 0.142398
0.158204 0.498803 0.143442
0.215668 0.502137 0.13789
0.0442928 0.564153 0.146722
0.0469764 0.504143 0.16899
0.0999211 0.50041 0.154378
0.0440856 0.671347 0.107632
0.0428158 0.619155 0.128746
0.101273 0.61785 0.127825
0.38664 0.558371 0.130339
0.386144 0.500957 0.128617
0.443753 0.501117 0.129868
0.273941 0.559754 0.133694
0.271889 0.500745 0.133543
0.329142 0.501811 0.131464
0.272133 0.673448 0.126491
0.271268 0.614901 0.129651
0.329249 0.616001 0.126744
0.617241 0.787722 0.128036
0.615285 0.729428 0.123026
0.67311 0.730295 0.114096
0.501272 0.784913 0.145093
0.502143 0.730138 0.143916
0.561754 0.72989 0.137741
0.504507 0.903101 0.181798
0.498992 0.840048 0.158377
0.562484 0.842311 0.144414
0.616225 0.559462 0.128045
0.614758 0.501486 0.132107
0.673322 0.501012 0.132293
0.500903 0.55904 0.130175
0.501032 0.501032 0.128504
0.559032 0.500904 0.130144
0.501007 0.673342 0.132268
0.501495 0.614766 0.132093
0.559463 0.616237 0.128079
0.842311 0.562488 0.144414
0.840046 0.498993 0.158377
0.903102 0.504507 0.181797
0.72988 0.561759 0.137757
0.730137 0.502145 0.143903
0.784914 0.501273 0.145093
0.730298 0.673106 0.114095
0.729428 0.615287 0.123027
0.787721 0.617241 0.128036
0.841113 0.672692 0.107067
0.843894 0.61695 0.128099
0.903529 0.6183 0.12997
0.614425 0.674589 0.128293
0.614195 0.614189 0.12708
0.674593 0.614425 0.128276
0.618299 0.903528 0.12997
0.61695 0.843894 0.128098
0.672694 0.841112 0.107069
0.386717 0.673265 0.133043
0.385851 0.615246 0.132547
0.443229 0.615907 0.131312
0.158394 0.671524 0.110981
0.156389 0.613939 0.12381
0.214371 0.616835 0.126796
0.156145 0.902234 0.0690709
0.158199 0.841241 0.0797137
0.214893 0.843893 0.0974813
0.385862 0.215246 0.136651
0.386998 0.159843 0.141775
0.445397 0.157442 0.142055
0.157918 0.215539 0.104102
0.158911 0.15891 0.0900939
0.21554 0.157919 0.104098
0.157411 0.445426 0.142044
0.15986 0.386973 0.14177
0.21525 0.385846 0.136675
0.843893 0.214895 0.0974758
0.841242 0.1582 0.0797123
0.902234 0.156143 0.0690699
0.616852 0.214373 0.126811
0.613931 0.156379 0.123812
0.671524 0.158396 0.110969
0.615925 0.443226 0.131359
0.615234 0.385882 0.132632
0.673258 0.386706 0.133013
0.841112 0.443799 0.158193
0.841375 0.387485 0.151571
0.904216 0.385038 0.167992
0.386676 0.444086 0.129707
0.386234 0.38624 0.130808
0.444099 0.386667 0.129687
0.385043 0.904219 0.167992
0.387485 0.841372 0.151571
0.4438 0.841111 0.158187
0.84446 0.900655 0.0383644
0.845874 0.845874 0.0578637
0.900654 0.84446 0.0383645
0.871595 0.8459 0.0487456
0.87338 0.813917 0.0582242
0.903811 0.815114 0.0485716
0.815531 0.845423 0.0666842
0.817526 0.817526 0.0699794
0.845423 0.815531 0.0666842
0.815115 0.903811 0.0485715
0.813917 0.87338 0.0582241
0.8459 0.871596 0.0487455
0.417987 0.840058 0.157877
0.417838 0.816168 0.152762
0.44425 0.816916 0.149859
0.355008 0.842369 0.143945
0.358643 0.815342 0.14419
0.388534 0.816378 0.150288
0.355646 0.903907 0.153237
0.352455 0.87328 0.146393
0.383593 0.87148 0.159913
0.415039 0.386464 0.130185
0.415237 0.357981 0.132208
0.444176 0.358271 0.131606
0.357014 0.386296 0.132877
0.357374 0.357385 0.133413
0.386287 0.357005 0.13288
0.358276 0.444173 0.13161
0.357992 0.415247 0.132203
0.38647 0.415041 0.130199
0.871479 0.383585 0.159911
0.87328 0.352454 0.146391
0.903907 0.355643 0.153238
0.816383 0.388531 0.15028
0.815349 0.358627 0.144179
0.84237 0.355007 0.143942
0.816915 0.444251 0.149863
0.816167 0.417839 0.152762
0.84006 0.417985 0.157881
0.644762 0.384785 0.134744
0.64411 0.357904 0.131931
0.674889 0.3582 0.13614
0.585783 0.386259 0.130552
0.586465 0.358107 0.129387
0.615264 0.357171 0.128172
0.587378 0.443748 0.130999
0.586796 0.41483 0.131292
0.615714 0.415211 0.132538
0.642758 0.157226 0.119727
0.645408 0.130099 0.117069
0.672616 0.130108 0.110342
0.586843 0.156237 0.133501
0.58824 0.130551 0.135936
0.616417 0.129887 0.125014
0.590157 0.213987 0.131281
0.58707 0.185078 0.131173
0.614375 0.185153 0.125126
0.872013 0.158322 0.0731176
0.87271 0.133095 0.0643142
0.903479 0.130125 0.0566148
0.81309 0.15594 0.084347
0.816142 0.127525 0.0756883
0.844037 0.129518 0.0727149
0.815894 0.213412 0.101155
0.815738 0.186332 0.0932092
0.843724 0.188379 0.0901617
0.18671 0.384637 0.138269
0.186842 0.355711 0.137867
0.214264 0.35545 0.13402
0.130425 0.386531 0.144537
0.130628 0.355281 0.139719
0.158367 0.355262 0.142232
0.130338 0.443606 0.141488
0.130505 0.41604 0.143307
0.157592 0.418283 0.1435
0.187994 0.158612 0.0965933
0.188778 0.129385 0.0953012
0.21642 0.12901 0.102968
0.129683 0.158789 0.0868898
0.130286 0.13029 0.0804966
0.158785 0.129683 0.0868894
0.129011 0.216419 0.102976
0.129387 0.188778 0.0953044
0.158613 0.187994 0.0965931
0.41825 0.157655 0.143521
0.416098 0.130538 0.143293
0.443542 0.130424 0.141492
0.355293 0.158342 0.142248
0.355327 0.130626 0.139705
0.386656 0.130387 0.144502
0.355455 0.21426 0.134027
0.355698 0.18685 0.137893
0.384587 0.186708 0.13827
0.188376 0.843723 0.0901631
0.186331 0.815737 0.0932125
0.213411 0.815893 0.101161
0.129516 0.844039 0.0727161
0.127524 0.816144 0.0756883
0.15594 0.81309 0.0843483
0.130129 0.903478 0.0566149
0.133097 0.872708 0.0643154
0.158322 0.872011 0.0731192
0.185155 0.614371 0.125125
0.185074 0.587058 0.131175
0.213977 0.590149 0.131277
0.129893 0.616419 0.12503
0.130545 0.588252 0.135971
0.15623 0.586834 0.133518
0.130106 0.672614 0.110356
0.130099 0.645409 0.117087
0.157227 0.642758 0.119741
0.415215 0.615696 0.132453
0.41486 0.586771 0.131222
0.443755 0.587358 0.13097
0.357158 0.615264 0.128096
0.358094 0.58648 0.12934
0.386257 0.585816 0.130487
0.358224 0.67488 0.136142
0.357932 0.644114 0.131855
0.38477 0.644779 0.134716
0.643412 0.843004 0.118132
0.643809 0.816987 0.119583
0.673208 0.814592 0.110226
0.589145 0.841593 0.1402
0.586469 0.813921 0.140451
0.6167 0.816409 0.129124
0.589244 0.903141 0.142825
0.591256 0.872731 0.140672
0.619087 0.874548 0.128362
0.643455 0.613218 0.126396
0.645224 0.583432 0.12728
0.675992 0.587216 0.130942
0.586979 0.615829 0.126262
0.588698 0.588699 0.12583
0.615829 0.586969 0.126238
0.587213 0.675988 0.130972
0.583437 0.645215 0.127311
0.613225 0.643456 0.126415
0.87455 0.619087 0.128362
0.872732 0.591255 0.140672
0.90314 0.589244 0.142825
0.816408 0.616698 0.129125
0.813919 0.586466 0.140451
0.841594 0.589144 0.140199
0.814593 0.673209 0.110225
0.816987 0.643807 0.119584
0.843004 0.643411 0.118134
0.758388 0.616764 0.124614
0.758469 0.589272 0.137218
0.786269 0.588073 0.138554
0.701945 0.615056 0.127016
0.701007 0.59018 0.132422
0.728869 0.588778 0.133434
0.702181 0.673432 0.118949
0.702805 0.645002 0.125484
0.730384 0.645807 0.11963
0.757766 0.501307 0.145919
0.758878 0.470709 0.141823
0.7867 0.470607 0.143187
0.701208 0.501933 0.137407
0.701678 0.472153 0.140908
0.729694 0.472736 0.1421
0.701966 0.562624 0.136727
0.702169 0.530542 0.133712
0.730747 0.531599 0.138192
0.8682 0.504861 0.169817
0.868843 0.476432 0.166842
0.902341 0.475875 0.182317
0.816169 0.499406 0.153141
0.817086 0.472407 0.150054
0.841289 0.472687 0.158443
0.81547 0.557956 0.145797
0.816141 0.528632 0.151179
0.841122 0.529905 0.151902
0.530594 0.615082 0.1321
0.530829 0.585658 0.128737
0.559455 0.586352 0.126536
0.472493 0.616003 0.131068
0.472148 0.587576 0.130704
0.501258 0.586465 0.130799
0.472232 0.673602 0.136086
0.472649 0.644176 0.131423
0.500654 0.644919 0.131765
0.529915 0.500643 0.128534
0.529891 0.47259 0.129847
0.559029 0.472539 0.130671
0.47243 0.501189 0.12906
0.472422 0.472424 0.129392
0.501181 0.472429 0.129034
0.472554 0.559048 0.13075
0.472606 0.529902 0.129901
0.500637 0.529914 0.128527
0.64491 0.500706 0.1318
0.644156 0.472692 0.131447
0.6736 0.472225 0.136089
0.586423 0.501208 0.130776
0.587554 0.472153 0.130662
0.615996 0.47253 0.131064
0.586337 0.559447 0.126531
0.585631 0.530803 0.128729
0.615075 0.530581 0.132103
0.529897 0.841126 0.151901
0.528626 0.816144 0.15118
0.557957 0.815473 0.145797
0.472691 0.841289 0.158439
0.472408 0.817088 0.15005
0.499406 0.816172 0.153141
0.475875 0.902341 0.182316
0.476437 0.86884 0.166841
0.504864 0.868199 0.169818
0.531592 0.730756 0.138175
0.530548 0.702164 0.133687
0.562646 0.701968 0.136722
0.47273 0.729696 0.142119
0.47217 0.701658 0.14092
0.501943 0.701193 0.137396
0.47061 0.786699 0.143186
0.47071 0.758882 0.141819
0.501308 0.757771 0.145926
0.645809 0.730384 0.11963
0.645006 0.702806 0.125481
0.673436 0.702184 0.11895
0.588775 0.728868 0.133426
0.590182 0.701 0.132427
0.615047 0.701935 0.12702
0.588082 0.786269 0.138551
0.589268 0.758465 0.137218
0.616762 0.75839 0.124611
0.300094 0.616096 0.129323
0.299592 0.587527 0.129853
0.329311 0.587576 0.127549
0.242292 0.615699 0.128641
0.24259 0.587742 0.129196
0.271607 0.586533 0.130277
0.243869 0.673747 0.119716
0.243017 0.645383 0.126828
0.272132 0.643791 0.128688
0.299887 0.501322 0.134143
0.30034 0.472168 0.13408
0.329226 0.472426 0.132724
0.243434 0.501584 0.135429
0.24237 0.472735 0.136758
0.271359 0.472167 0.133189
0.244467 0.560179 0.135369
0.24531 0.530621 0.136971
0.273221 0.530626 0.135163
0.415366 0.501265 0.128928
0.415597 0.472636 0.12837
0.443935 0.472504 0.128894
0.357265 0.501008 0.130653
0.357759 0.47274 0.13164
0.386894 0.472823 0.129473
0.358491 0.558253 0.12979
0.357912 0.529554 0.129127
0.386303 0.529411 0.128711
0.0725851 0.617614 0.128213
0.0737483 0.589014 0.139227
0.102216 0.58643 0.138224
0.0133031 0.618336 0.130266
0.0135472 0.589324 0.142883
0.0435747 0.59177 0.140352
0.0136177 0.671898 0.107952
0.0139226 0.644775 0.119815
0.044209 0.644569 0.119582
0.0762255 0.497024 0.159114
0.0773286 0.472287 0.16184
0.101143 0.472158 0.151835
0.0130149 0.50475 0.182077
0.0140772 0.476278 0.181163
0.0478219 0.477064 0.166417
0.0136106 0.559945 0.153079
0.0132366 0.530729 0.167582
0.0462221 0.531958 0.159947
0.186742 0.501342 0.14042
0.186314 0.47217 0.13996
0.21497 0.473122 0.139169
0.130826 0.501926 0.143192
0.13063 0.472015 0.141305
0.158002 0.470699 0.141486
0.130516 0.560452 0.140158
0.130542 0.530771 0.145708
0.160376 0.530377 0.143015
0.070038 0.846299 0.0577043
0.0704781 0.817349 0.0670837
0.0981298 0.820022 0.0713571
0.0152143 0.844723 0.0379757
0.0124888 0.814488 0.0491823
0.042538 0.813845 0.0591293
0.014161 0.90235 0.0123595
0.0144936 0.873844 0.0250844
0.0420886 0.874436 0.0371271
0.0730659 0.730206 0.090503
0.0730895 0.702475 0.0951385
0.101009 0.70123 0.0979589
0.0142228 0.730058 0.0834144
0.0143248 0.700536 0.0938994
0.0438048 0.700137 0.0942098
0.0127091 0.78685 0.0565735
0.0144412 0.759782 0.0694759
0.0448579 0.759518 0.0741485
0.186989 0.729594 0.10134
0.185938 0.701349 0.106458
0.214246 0.700431 0.11097
0.129318 0.726378 0.0946041
0.129282 0.699253 0.1004
0.158053 0.701084 0.102014
0.130945 0.785831 0.0792812
0.130224 0.756573 0.0873242
0.160218 0.759395 0.0894146
0.303506 0.156489 0.121692
0.300693 0.129218 0.124914
0.327977 0.130501 0.137349
0.243504 0.158053 0.112701
0.243199 0.130194 0.11168
0.270622 0.130206 0.116658
0.244128 0.215197 0.115105
0.243735 0.18594 0.113873
0.272076 0.185263 0.119932
0.296928 0.0425169 0.128485
0.298009 0.012771 0.129837
0.327431 0.0132565 0.142799
0.246751 0.0447678 0.106653
0.245235 0.0139702 0.108075
0.271511 0.0137148 0.11951
0.241126 0.101384 0.110061
0.242938 0.0745975 0.106499
0.272095 0.0735864 0.119489
0.413095 0.0466861 0.168984
0.412219 0.012909 0.181579
0.440445 0.0144125 0.180916
0.352289 0.0441556 0.146029
0.356409 0.0134043 0.15249
0.385771 0.0129236 0.166874
0.35849 0.100935 0.141307
0.355101 0.074438 0.143001
0.388379 0.0747376 0.151351
0.0749195 0.158208 0.0803351
0.0722132 0.129121 0.0727178
0.100218 0.127354 0.0763271
0.0142477 0.155223 0.068993
0.0126968 0.129853 0.0568468
0.0432661 0.132381 0.0646133
0.0142581 0.216901 0.0937077
0.0144157 0.186333 0.0829707
0.0431748 0.188024 0.0867251
0.069679 0.0436051 0.0482611
0.0717168 0.0150665 0.03784
0.103212 0.0130491 0.0496464
0.0141702 0.0425062 0.0248875
0.0141187 0.0141187 0.0123193
0.0425061 0.01417 0.0248874
0.0130462 0.103213 0.0496468
0.0150672 0.0717175 0.0378406
0.0436068 0.0696799 0.0482622
0.188024 0.0431764 0.0867227
0.186333 0.0144157 0.0829698
0.216897 0.0142594 0.0937077
0.132382 0.0432701 0.064614
0.129854 0.0126996 0.0568479
0.155227 0.0142468 0.0689928
0.12735 0.100217 0.0763263
0.12912 0.0722137 0.0727177
0.15821 0.0749182 0.0803311
0.0747531 0.3884 0.151339
0.0744373 0.355114 0.142996
0.100922 0.358492 0.141308
0.0129289 0.38578 0.166875
0.0134027 0.35641 0.152487
0.0441517 0.352297 0.146025
0.0144153 0.440447 0.180921
0.0129149 0.412223 0.181574
0.0466839 0.413097 0.16898
0.0735899 0.272095 0.119494
0.0746 0.242937 0.106498
0.101383 0.241119 0.110064
0.0137156 0.271508 0.11951
0.0139699 0.245237 0.108077
0.0447712 0.246757 0.106654
0.0132514 0.327423 0.142797
0.0127689 0.298005 0.129834
0.0425127 0.296928 0.128487
0.185257 0.272076 0.119935
0.185935 0.243738 0.113879
0.215199 0.244122 0.115108
0.130207 0.270618 0.11666
0.130196 0.243199 0.111686
0.158055 0.243506 0.112709
0.130494 0.327985 0.137349
0.12922 0.300688 0.124916
0.156499 0.303491 0.121694
0.759386 0.160216 0.0894131
0.756572 0.130223 0.0873161
0.785828 0.130944 0.0792825
0.70108 0.158055 0.102002
0.69925 0.129284 0.100383
0.726379 0.129319 0.0945839
0.700436 0.21424 0.110974
0.701344 0.185934 0.106453
0.729597 0.186993 0.101337
0.759518 0.0448552 0.074155
0.759779 0.0144411 0.0694785
0.786851 0.0127091 0.0565741
0.700137 0.0438048 0.094209
0.700536 0.0143243 0.0938979
0.730055 0.0142222 0.0834177
0.701225 0.101011 0.0979453
0.702471 0.0730912 0.0951318
0.730205 0.0730669 0.0905034
0.874434 0.0420906 0.0371287
0.873843 0.0144946 0.0250852
0.90235 0.0141609 0.0123595
0.813849 0.0425388 0.0591292
0.814491 0.0124887 0.0491813
0.844722 0.0152149 0.0379762
0.820019 0.0981306 0.0713576
0.817349 0.070479 0.0670859
0.846299 0.0700385 0.0577059
0.530388 0.160391 0.143013
0.530772 0.130532 0.145706
0.560456 0.13053 0.140134
0.470679 0.157972 0.141511
0.471985 0.130647 0.141313
0.501933 0.130802 0.143196
0.473131 0.214956 0.139144
0.472201 0.18624 0.139968
0.501332 0.186763 0.140464
0.531948 0.0462324 0.159974
0.530723 0.0132439 0.167597
0.559947 0.0136083 0.153092
0.477067 0.0478336 0.166414
0.476278 0.0140788 0.181156
0.504746 0.0130257 0.182082
0.472163 0.101149 0.151857
0.472284 0.0773409 0.161852
0.497026 0.0762307 0.159118
0.644567 0.0442078 0.119572
0.644774 0.0139233 0.119811
0.6719 0.0136161 0.107947
0.591776 0.0435706 0.140343
0.589326 0.0135483 0.14288
0.61833 0.0133078 0.130261
0.586407 0.102216 0.138203
0.589013 0.0737468 0.139211
0.617598 0.0725896 0.128199
0.529405 0.386314 0.128736
0.529551 0.357906 0.1291
0.558245 0.358495 0.129817
0.472828 0.386888 0.129429
0.472745 0.357747 0.131604
0.500998 0.357249 0.130607
0.472514 0.443944 0.128853
0.472645 0.41561 0.128353
0.501271 0.415368 0.128936
0.53062 0.273211 0.135165
0.53062 0.245303 0.136973
0.560178 0.244466 0.135357
0.472169 0.271357 0.133179
0.472732 0.242374 0.136746
0.501579 0.243421 0.135433
0.472421 0.329223 0.132706
0.472168 0.300349 0.134076
0.501327 0.299878 0.134148
0.643786 0.272105 0.128717
0.645394 0.243013 0.126847
0.673754 0.243876 0.119727
0.586525 0.271609 0.130281
0.587736 0.242585 0.129202
0.615703 0.242282 0.128666
0.587592 0.329334 0.127554
0.587519 0.299612 0.129875
0.61609 0.300082 0.129353
0.755931 0.382612 0.142561
0.757828 0.355326 0.138572
0.786274 0.357341 0.140274
0.703737 0.38852 0.132632
0.702795 0.35496 0.135861
0.729194 0.353894 0.136689
0.70135 0.44298 0.140873
0.701496 0.414671 0.136889
0.730864 0.414845 0.143749
0.758404 0.271195 0.113715
0.757185 0.243 0.107337
0.786134 0.24381 0.109164
0.702236 0.272646 0.12364
0.701552 0.243777 0.116742
0.729697 0.24299 0.11224
0.700355 0.325369 0.130734
0.700654 0.301762 0.124191
0.730171 0.302121 0.121023
0.87239 0.272462 0.117679
0.872016 0.24615 0.10619
0.902052 0.244817 0.107055
0.816734 0.27237 0.119397
0.814772 0.243126 0.110509
0.842037 0.244105 0.107217
0.814079 0.329187 0.13881
0.816293 0.298893 0.128241
0.843364 0.299511 0.127468
0.299547 0.386177 0.133456
0.299917 0.35786 0.130855
0.328957 0.358354 0.130243
0.244985 0.386203 0.136698
0.244071 0.356289 0.132939
0.274025 0.356927 0.132314
0.242693 0.444078 0.137344
0.243416 0.415496 0.137676
0.271674 0.415356 0.133552
0.30268 0.27306 0.129158
0.29884 0.243971 0.12461
0.328069 0.243195 0.125984
0.243714 0.270708 0.123656
0.243999 0.24399 0.117157
0.270704 0.243715 0.123653
0.243216 0.32806 0.125993
0.243971 0.298846 0.124622
0.273066 0.302666 0.129157
0.41536 0.271691 0.133545
0.415494 0.243452 0.137651
0.44408 0.242723 0.137331
0.356929 0.274019 0.132316
0.356298 0.24405 0.132942
0.386201 0.244997 0.136686
0.358352 0.328974 0.13025
0.357857 0.299925 0.130863
0.386178 0.299545 0.133456
0.29951 0.843361 0.127469
0.298889 0.816291 0.128246
0.329198 0.814076 0.138817
0.244104 0.842039 0.107223
0.243124 0.814773 0.110514
0.272366 0.816734 0.119401
0.244816 0.902053 0.107054
0.246149 0.872017 0.106192
0.272462 0.872391 0.117678
0.30213 0.730183 0.121041
0.301755 0.700671 0.124186
0.325357 0.700367 0.130733
0.242985 0.729696 0.112239
0.243777 0.701546 0.116732
0.272643 0.702242 0.123633
0.243812 0.786135 0.109166
0.242991 0.757186 0.107339
0.271182 0.758396 0.113724
0.414838 0.730859 0.143763
0.414685 0.701521 0.1369
0.443007 0.701359 0.140879
0.353883 0.7292 0.136699
0.354958 0.702794 0.135875
0.388515 0.703741 0.132652
0.357345 0.786276 0.14029
0.355308 0.757827 0.138586
0.3826 0.755919 0.142584
0.759172 0.841898 0.077816
0.758668 0.813697 0.0829084
0.786881 0.815719 0.0736185
0.701632 0.84378 0.0966979
0.702573 0.815892 0.100396
0.729281 0.815499 0.0921305
0.700928 0.901865 0.0935376
0.699754 0.87322 0.093939
0.728589 0.873441 0.0859333
0.757667 0.72809 0.0957218
0.758409 0.69924 0.102512
0.787634 0.7007 0.101208
0.700767 0.731061 0.107564
0.702555 0.702555 0.113193
0.731063 0.700763 0.107561
0.700699 0.787634 0.101207
0.699243 0.758406 0.102512
0.728091 0.757667 0.0957221
0.873441 0.728589 0.0859326
0.87322 0.699753 0.0939359
0.901865 0.700928 0.0935369
0.815497 0.72928 0.0921304
0.815892 0.702573 0.100394
0.84378 0.701631 0.0966951
0.815719 0.786881 0.0736185
0.813696 0.758667 0.0829085
0.841898 0.759173 0.0778155
0.873176 0.785323 0.0626265
0.871705 0.759455 0.0720335
0.901403 0.759876 0.0690987
0.756813 0.78621 0.084946
0.756803 0.756801 0.0884524
0.786211 0.756813 0.0849483
0.759876 0.901403 0.0690987
0.759454 0.871705 0.0720341
0.785323 0.873176 0.0626269
0.415471 0.785075 0.145727
0.415721 0.758377 0.146854
0.446107 0.759551 0.14241
0.299952 0.787609 0.124703
0.301041 0.759102 0.120636
0.328773 0.758852 0.134302
0.298377 0.903509 0.12995
0.29761 0.874016 0.128142
0.325788 0.872683 0.140441
0.415137 0.329923 0.131782
0.414822 0.30047 0.131565
0.443918 0.301031 0.132688
0.299761 0.329484 0.129453
0.300992 0.300985 0.131896
0.329482 0.299771 0.12946
0.301028 0.443924 0.132696
0.30047 0.414827 0.131568
0.329934 0.415151 0.131779
0.872683 0.32579 0.140441
0.874016 0.297611 0.128141
0.903508 0.298379 0.129949
0.758847 0.328766 0.134282
0.759108 0.301019 0.120608
0.78761 0.299955 0.124693
0.759555 0.446108 0.142416
0.758387 0.415732 0.146848
0.785074 0.415478 0.145722
0.644828 0.331981 0.126231
0.64427 0.301808 0.127702
0.672774 0.300388 0.126062
0.531061 0.330401 0.129895
0.531051 0.300225 0.133653
0.55932 0.301103 0.131706
0.529809 0.444028 0.130443
0.529942 0.415679 0.130207
0.558649 0.415537 0.131027
0.647478 0.100393 0.117793
0.645343 0.0726127 0.119063
0.673757 0.0736678 0.1075
0.528735 0.0983002 0.150309
0.528027 0.0751658 0.151835
0.561587 0.0746346 0.143389
0.530439 0.215579 0.138245
0.531791 0.187181 0.13972
0.561188 0.186391 0.139714
0.872768 0.103802 0.0597377
0.872571 0.0697478 0.048287
0.901497 0.0716909 0.0378162
0.7571 0.101918 0.0851687
0.759166 0.0745322 0.0804961
0.787261 0.0721152 0.0715106
0.75724 0.216355 0.101105
0.75851 0.18882 0.0951293
0.789065 0.188034 0.0940589
0.185901 0.329783 0.127945
0.185466 0.302271 0.122616
0.214751 0.298191 0.123467
0.0745621 0.327962 0.1396
0.0728163 0.299164 0.128625
0.100676 0.298595 0.128611
0.0774066 0.444456 0.161737
0.0763888 0.419259 0.159291
0.100205 0.416223 0.154007
0.187743 0.10164 0.0933563
0.187714 0.0726944 0.090189
0.214177 0.0722565 0.0950341
0.0701134 0.0984602 0.0670912
0.0697297 0.0697286 0.0575097
0.0984583 0.0701125 0.0670904
0.0722507 0.214174 0.0950307
0.0726944 0.187713 0.0901929
0.101643 0.187741 0.0933622
0.416249 0.100161 0.153987
0.419256 0.0763811 0.159302
0.44445 0.0774217 0.161743
0.298596 0.100679 0.128608
0.299164 0.0728179 0.12862
0.327964 0.074558 0.139599
0.298173 0.214752 0.123463
0.302275 0.185463 0.122616
0.32978 0.185913 0.12794
0.188036 0.789067 0.094057
0.18882 0.758514 0.0951261
0.216357 0.757243 0.101106
0.0721164 0.787255 0.0715093
0.0745347 0.759159 0.0804889
0.101917 0.757093 0.0851687
0.0716904 0.901498 0.0378156
0.0697465 0.872573 0.0482856
0.103805 0.872769 0.0597381
0.186393 0.561169 0.139722
0.187152 0.531776 0.139718
0.21557 0.530417 0.138246
0.0746317 0.56159 0.143366
0.075161 0.528039 0.151808
0.0983157 0.528757 0.150286
0.0736699 0.673762 0.107508
0.072614 0.645351 0.11908
0.100392 0.647485 0.11781
0.41553 0.558641 0.131037
0.415664 0.529937 0.130175
0.444044 0.529814 0.130504
0.301081 0.559315 0.131701
0.30024 0.531046 0.133655
0.330398 0.531048 0.129916
0.300402 0.672777 0.12604
0.301825 0.644266 0.127668
0.331999 0.64482 0.12618
0.645031 0.787999 0.11734
0.646414 0.758044 0.115853
0.673591 0.757865 0.109356
0.531734 0.784624 0.147608
0.533106 0.756213 0.143074
0.561006 0.757934 0.139365
0.531554 0.904321 0.168174
0.533208 0.871237 0.160188
0.564523 0.873304 0.146596
0.645622 0.557735 0.133042
0.644705 0.530232 0.134958
0.672546 0.530396 0.133618
0.530966 0.55879 0.127687
0.530151 0.530159 0.127118
0.558791 0.530974 0.1277
0.530396 0.672545 0.133595
0.530217 0.644685 0.13493
0.557735 0.645618 0.13305
0.873306 0.564526 0.146597
0.871239 0.533211 0.160188
0.904326 0.531557 0.168173
0.75793 0.561019 0.139385
0.756205 0.533115 0.143086
0.784626 0.531735 0.147609
0.75787 0.673591 0.109356
0.758044 0.64642 0.115854
0.787999 0.645035 0.117341
0.871213 0.670866 0.106015
0.872318 0.644203 0.117887
0.902484 0.644849 0.119012
0.644687 0.673955 0.129293
0.643872 0.643872 0.128827
0.67395 0.644681 0.129295
0.644848 0.902485 0.119011
0.644203 0.872318 0.117886
0.670867 0.871214 0.106015
0.414739 0.673087 0.13202
0.41514 0.644969 0.131581
0.443709 0.643537 0.131367
0.186063 0.672699 0.114577
0.185361 0.644869 0.122413
0.214622 0.647 0.124899
0.186589 0.902155 0.0830265
0.18891 0.873492 0.0868987
0.217468 0.873525 0.0944553
0.414104 0.21611 0.13797
0.414234 0.186507 0.140099
0.443759 0.18624 0.140429
0.186681 0.215437 0.105695
0.187486 0.187485 0.099499
0.215437 0.186684 0.105695
0.186316 0.443736 0.140472
0.186514 0.414296 0.140135
0.216095 0.414108 0.138023
0.873525 0.21747 0.0944511
0.873492 0.18891 0.0868977
0.902154 0.186587 0.0830253
0.647013 0.214621 0.124911
0.64487 0.18536 0.122408
0.672692 0.18606 0.114574
0.643572 0.443714 0.13136
0.64498 0.415157 0.131554
0.673082 0.414729 0.131994
0.868918 0.439891 0.166667
0.868581 0.4119 0.169438
0.903314 0.412081 0.181724
0.415373 0.44383 0.129127
0.415067 0.41506 0.129635
0.443839 0.415375 0.129121
0.412082 0.903316 0.181725
0.411904 0.868584 0.169437
0.439891 0.868916 0.166665
0.873251 0.901279 0.0256435
0.872997 0.872997 0.0383457
0.901279 0.873251 0.0256436
0.373652 0.373652 0.84898
0.0450777 -0.635745 0.770582
-0.0181109 -0.0177687 0.999678
-0.635745 0.0451291 0.770579
-0.296599 -0.0896956 0.950781
0.412778 0.0405334 0.909929
-0.0390278 -0.437927 0.898163
-0.27321 -0.083162 0.958353
-0.154344 -0.154311 0.975892
-0.0840304 -0.273799 0.958109
-0.43802 -0.0389288 0.898122
0.0410885 0.412458 0.91005
-0.0906565 -0.295551 0.951016
0.395127 0.0228331 0.918343
0.231606 0.231121 0.944956
0.0228967 0.395169 0.918323
-0.0252817 0.299575 0.953738
-0.278608 -0.051029 0.959048
-0.178545 0.211543 0.960922
0.022232 -0.156061 0.987497
-0.103295 -0.099731 0.989638
-0.156236 0.023338 0.987444
0.211499 -0.17861 0.96092
-0.0508264 -0.2789 0.958974
0.299641 -0.0254091 0.953714
-0.391533 -0.359981 0.846827
-0.150449 -0.0545142 0.987114
-0.0359464 -0.0241629 0.999062
0.0301366 0.389292 0.920621
0.0791217 0.0739946 0.994115
-0.245078 0.0715542 0.966859
-0.32185 0.309499 0.894775
-0.164932 0.138924 0.976472
-0.257409 -0.11147 0.959852
-0.330586 -0.101618 0.938289
-0.17483 0.0644319 0.982488
0.0539751 0.482949 0.873983
-0.126632 -0.347756 0.928994
-0.0945745 -0.0946377 0.991009
-0.347651 -0.126264 0.929083
0.481879 0.0542105 0.874559
0.0643942 -0.174641 0.982524
-0.101812 -0.330443 0.938319
-0.111457 -0.257451 0.959842
0.139185 -0.164932 0.976435
0.309565 -0.321908 0.894732
0.0704976 -0.246524 0.966569
0.0768784 0.0794234 0.993872
0.388937 0.0298179 0.920782
-0.0268981 -0.0336946 0.99907
-0.0546945 -0.150577 0.987084
-0.358763 -0.391189 0.847502
-0.196102 -0.521875 0.830175
-0.0571405 -0.32204 0.945
-0.00242987 -0.438589 0.898684
-0.0633927 -0.0989315 0.993073
-0.160819 -0.160738 0.973807
-0.0974838 -0.0644214 0.99315
-0.438584 -0.00242255 0.898687
-0.322305 -0.0568022 0.94493
-0.522198 -0.196479 0.829883
0.242297 -0.015471 0.970079
0.12056 0.120559 0.985358
-0.0154927 0.242287 0.970081
0.0917412 0.0355591 0.995148
0.106942 0.292644 0.950223
0.091985 0.233158 0.968079
0.226316 0.00388887 0.974046
0.351271 0.351001 0.86799
0.00401644 0.226135 0.974088
0.233232 0.0920138 0.968058
0.292638 0.106936 0.950225
0.0355726 0.0917304 0.995148
-0.53089 -0.0994975 0.84158
-0.187119 -0.357784 0.914864
0.301998 -0.119903 0.945738
-0.111549 -0.235855 0.965365
-0.10014 0.181308 0.978315
-0.682195 -0.033247 0.730414
-0.40558 0.0191887 0.913858
-0.293081 0.113761 0.949295
-0.384975 -0.0227211 0.922647
-0.00705753 -0.264275 0.964422
-0.00826214 -0.263227 0.964699
-0.0717579 -0.0532392 0.996
-0.437099 0.0635928 0.897162
-0.157291 -0.157272 0.974949
0.0640849 -0.437652 0.896858
-0.0532183 -0.0723862 0.995956
-0.262387 -0.00950908 0.964916
-0.264115 -0.00757597 0.964461
-0.0228077 -0.384983 0.922642
0.113469 -0.293195 0.949295
0.0192078 -0.40536 0.913955
-0.0336022 -0.682032 0.73055
0.181606 -0.100449 0.978228
-0.236086 -0.110911 0.965382
-0.120479 0.301706 0.945758
-0.357116 -0.18719 0.915111
-0.100027 -0.53058 0.841712
-0.0842401 0.102598 0.99115
-0.0189666 -0.0477935 0.998677
0.0637348 -0.303797 0.950603
-0.0291464 -0.0318552 0.999067
-0.0414247 -0.278935 0.959416
0.15536 -0.280177 0.947293
-0.0506915 0.0145209 0.998609
0.0101959 0.0496409 0.998715
-0.0978416 -0.0944196 0.990713
0.412064 0.0219864 0.91089
0.460335 0.0784165 0.884275
0.560551 0.0782002 0.82442
-0.0381894 0.506793 0.861221
-0.360754 0.465939 0.807934
0.0989457 0.167333 0.980923
0.0120973 -0.250472 0.968048
0.101946 -0.235005 0.966633
0.0530318 -0.234655 0.970631
0.326782 -0.259662 0.90873
0.299015 -0.296606 0.906981
0.377216 -0.377217 0.845822
0.00552231 -0.0543589 0.998506
0.173918 -0.115202 0.977999
-0.161452 -0.372982 0.913684
0.231028 -0.101063 0.967684
0.211375 -0.0980341 0.972476
-0.10185 -0.316925 0.942966
0.339112 -0.634019 0.694999
-0.147683 -0.101813 0.98378
-0.156403 -0.150433 0.97617
0.0714213 -0.343919 0.936279
0.0601271 -0.194924 0.978974
0.110577 -0.181207 0.977209
0.0975948 -0.0331717 0.994673
0.229315 -0.540137 0.809733
-0.155137 -0.500604 0.851662
-0.342783 -0.0889816 0.935191
-0.548353 -0.0797994 0.832431
-0.201471 0.013141 0.979406
-0.276031 -0.313937 0.908433
-0.378145 -0.378145 0.844993
-0.313944 -0.276086 0.908414
0.0132165 -0.201306 0.979439
-0.0798248 -0.548394 0.832401
-0.0888186 -0.343056 0.935106
-0.500135 -0.151507 0.852591
-0.539739 0.229167 0.810039
-0.032552 0.0971587 0.994736
-0.181363 0.110458 0.977193
-0.194982 0.0603082 0.978951
-0.343863 0.0714848 0.936295
-0.150435 -0.156416 0.976168
-0.102278 -0.147788 0.983716
-0.634965 0.339963 0.693718
-0.316545 -0.102457 0.943028
-0.09771 0.21117 0.972553
-0.100759 0.230892 0.967748
-0.372959 -0.161674 0.913654
-0.115225 0.174151 0.977954
-0.0549158 0.00616773 0.998472
-0.377219 0.377219 0.84582
-0.296602 0.299021 0.906981
-0.259817 0.32666 0.908729
-0.231189 0.0509242 0.971575
-0.231478 0.097361 0.967956
-0.249376 0.0134485 0.968313
0.167461 0.0964428 0.98115
0.465481 -0.360951 0.80811
0.507397 -0.0406277 0.860754
0.0784156 0.560609 0.824359
0.0784636 0.460193 0.884345
0.0223074 0.412194 0.910823
-0.0958484 -0.096485 0.990709
0.0513851 0.0139595 0.998581
0.00999177 -0.0477127 0.998811
-0.278765 0.15612 0.947585
-0.277513 -0.0404998 0.959868
-0.0324973 -0.0297034 0.99903
-0.303637 0.0632293 0.950687
-0.0469539 -0.0175518 0.998743
0.103647 -0.0829406 0.99115
0.491151 -0.0999755 0.865318
0.219576 -0.0220407 0.975346
0.401035 0.274525 0.87396
-0.492554 -0.0544408 0.868577
0.185362 -0.302497 0.934953
-0.170641 -0.262745 0.949656
0.176868 0.0834277 0.980692
-0.190546 0.239433 0.952032
-0.105636 0.161432 0.981214
-0.171261 0.160425 0.972077
-0.150819 -0.134095 0.979424
-0.242194 0.153837 0.957954
-0.00168411 -0.116294 0.993213
-0.00761439 -0.00367627 0.999964
-0.11719 -0.00258117 0.993106
0.153768 -0.24251 0.957885
-0.132467 -0.1494 0.979863
0.159734 -0.170409 0.97234
0.16123 -0.105528 0.981259
0.239045 -0.190328 0.952173
0.0833502 0.176989 0.980677
-0.262971 -0.170088 0.949693
-0.30264 0.183931 0.935189
-0.0546893 -0.492293 0.86871
0.274601 0.40124 0.873843
-0.0223077 0.219821 0.975285
-0.0999365 0.490898 0.865466
0.235318 0.365108 0.900734
-0.00704382 0.395672 0.918365
-0.0230007 0.356466 0.934025
-0.242603 -0.166872 0.955666
-0.0310168 -0.0315536 0.999021
-0.167027 -0.244302 0.955206
0.356448 -0.0230536 0.934031
0.39565 -0.00706449 0.918374
0.364985 0.23522 0.900809
0.265473 -0.00885406 0.964078
-0.08714 -0.196715 0.976581
-0.0340608 -0.0366782 0.998746
0.033039 0.413487 0.90991
-0.0790641 0.139901 0.987004
-0.113856 0.00114415 0.993497
-0.557215 0.0724492 0.827202
-0.350105 0.26085 0.899658
-0.194453 0.170032 0.966063
-0.0646728 -0.273752 0.959623
0.0287517 -0.155542 0.987411
0.317103 -0.235944 0.918573
-0.0936674 -0.285627 0.953752
-0.195335 -0.195182 0.961118
-0.28548 -0.0937835 0.953785
-0.23314 0.314221 0.920278
-0.154109 0.0263219 0.987703
-0.273065 -0.0664817 0.959696
0.169992 -0.19419 0.966123
0.260867 -0.350093 0.899657
0.072492 -0.557206 0.827204
0.000616688 -0.115896 0.993261
0.141203 -0.0799852 0.986744
0.413766 0.0327826 0.909793
-0.0331371 -0.0306853 0.99898
-0.197471 -0.086069 0.976523
-0.0101436 0.266871 0.963679
-0.464841 -0.159949 0.870827
-0.256846 -0.429028 0.866005
0.0264629 -0.582332 0.81252
-0.0325173 -0.0306195 0.999002
-0.0239427 -0.023189 0.999444
-0.0318283 -0.0326617 0.99896
-0.582423 0.0262297 0.812462
-0.428929 -0.257041 0.865997
-0.159964 -0.465075 0.870699
0.364721 0.372406 0.8534
0.351565 0.351563 0.867644
0.372397 0.364725 0.853403
0.267907 0.274156 0.923615
0.250496 0.296381 0.921634
0.311705 0.31428 0.896698
0.182002 0.354745 0.917077
-0.0192514 -0.0192602 0.999629
0.354751 0.182008 0.917074
0.314272 0.311702 0.896702
0.296377 0.2505 0.921635
0.274157 0.267903 0.923616
0.204016 0.251801 0.94603
0.266728 -0.381402 0.885093
-0.0473894 -0.249669 0.967171
0.0864672 0.128596 0.98792
0.0181006 -0.0798723 0.996641
-0.347839 0.0448416 0.936481
-0.215952 -0.188392 0.958057
-0.00507367 -0.207739 0.978171
-0.587485 -0.276939 0.760372
0.067568 0.0262574 0.997369
0.0997447 0.116995 0.988111
-0.0618996 0.167786 0.983878
0.158808 -0.0652835 0.985149
0.100651 0.101103 0.989771
-0.064754 0.158233 0.985276
0.166218 -0.063173 0.984063
0.115985 0.100314 0.988172
0.0259903 0.0659773 0.997483
-0.277109 -0.587582 0.760235
-0.207967 -0.00492804 0.978123
-0.188221 -0.216138 0.958049
0.0442065 -0.347853 0.936506
-0.0807998 0.0182135 0.996564
0.128866 0.0862716 0.987902
-0.249955 -0.047347 0.967099
-0.381533 0.266473 0.885113
0.25178 0.203692 0.946106
0.0959882 0.126328 0.987333
-0.102484 -0.442543 0.890872
-0.111982 -0.0391183 0.99294
0.0936606 -0.0990365 0.990666
0.18128 0.0273644 0.983051
-0.102779 -0.223018 0.969381
0.00698094 -0.0189706 0.999796
0.0225462 0.0370857 0.999058
-0.10405 0.115556 0.987836
0.144211 -0.101196 0.984359
0.125658 -0.0689439 0.989675
0.342624 -0.047526 0.93827
0.513628 0.235581 0.825038
0.344807 0.0141821 0.938566
0.373369 0.202114 0.905398
0.344669 -0.0570864 0.936987
0.327414 -0.0246615 0.944559
0.126559 -0.0188943 0.991779
0.069299 -0.556445 0.82799
0.391052 0.226346 0.892102
0.00900949 -0.193809 0.980998
0.0929733 -0.306436 0.94734
0.0580089 -0.258336 0.964312
0.12459 -0.0578566 0.99052
0.0803703 -0.302088 0.949886
0.135141 -0.265252 0.954661
0.120555 -0.31439 0.941608
0.300317 0.305889 0.903461
0.352557 -0.331423 0.875135
-0.291273 -0.0807363 0.953227
0.289674 -0.413511 0.86319
0.024766 0.134745 0.990571
-0.233103 0.0245851 0.972141
0.211496 -0.436867 0.874309
-0.0379181 0.490349 0.870701
-0.235273 -0.173169 0.956378
-0.240385 -0.0679308 0.968298
-0.233077 -0.0284836 0.972041
-0.303989 0.00165891 0.952674
0.00164386 -0.303687 0.95277
-0.113321 -0.113441 0.987061
-0.303729 0.00152796 0.952757
0.00185696 -0.30407 0.952648
-0.0282258 -0.233371 0.971978
-0.067975 -0.240518 0.968262
-0.175995 -0.23704 0.955426
0.491417 -0.0408537 0.869966
-0.437535 0.20699 0.875053
0.0228242 -0.2352 0.971679
0.135266 0.0246371 0.990503
-0.412581 0.290786 0.863261
-0.0803255 -0.292448 0.952902
-0.332433 0.353162 0.874508
0.309112 0.300663 0.902248
-0.314424 0.120619 0.941588
-0.265185 0.13517 0.954676
-0.302285 0.08032 0.949828
-0.057892 0.124543 0.990524
-0.258206 0.0579807 0.964349
-0.306605 0.0929683 0.947286
-0.193859 0.00895536 0.980988
0.226537 0.391061 0.89205
-0.556494 0.0694116 0.827947
-0.0196763 0.125896 0.991848
-0.0255674 0.328349 0.944211
-0.0557482 0.345267 0.936847
0.202164 0.373194 0.905459
0.0137293 0.346522 0.937941
0.237313 0.514507 0.823993
-0.0477382 0.342736 0.938218
-0.0691059 0.125723 0.989656
-0.100724 0.144495 0.984366
0.115687 -0.109126 0.987273
0.0402773 0.0299134 0.998741
-0.0256604 0.0116081 0.999603
-0.221212 -0.0990147 0.970186
0.0307805 0.179899 0.983203
-0.10207 0.0942086 0.990306
-0.0396061 -0.113761 0.992718
-0.44359 -0.104856 0.890075
0.124439 0.0901814 0.988121
0.32376 0.123128 0.938093
0.293171 -0.0109444 0.955997
0.309328 -0.0189901 0.950766
0.403875 -0.0088484 0.914771
0.337847 -0.051236 0.939806
0.348438 0.0743946 0.934375
0.448727 0.00868616 0.893627
0.383767 -0.0684002 0.920893
0.429151 -0.0647869 0.900906
0.0678966 -0.0508127 0.996398
0.0363996 0.123109 0.991725
-0.393586 0.427308 0.81394
-0.036683 -0.155408 0.987169
0.0740352 0.0726884 0.994603
-0.154616 -0.0377106 0.987255
0.426605 -0.393688 0.814259
0.122796 0.0364487 0.991762
-0.0497344 0.0671665 0.996501
-0.0648307 0.429228 0.900866
-0.0684527 0.383661 0.920934
0.0087243 0.448708 0.893636
0.0743777 0.348574 0.934326
-0.0512667 0.337609 0.939889
-0.00884212 0.403781 0.914813
-0.0189968 0.309525 0.950701
-0.0109344 0.293017 0.956045
0.123105 0.323727 0.938108
-0.118664 0.430216 0.894893
-0.0275176 0.404103 0.9143
-0.0637717 0.20462 0.976762
0.324108 -0.133555 0.936545
0.220219 0.625204 0.748748
-0.185141 0.50839 0.840989
0.0456978 0.211009 0.976415
0.185471 0.238425 0.953286
0.225036 0.00471948 0.974339
0.156239 -0.254752 0.954301
0.121921 0.0667531 0.990292
-0.249702 0.479116 0.841485
-0.121225 0.239462 0.963308
0.000405256 -0.0161857 0.999869
-0.0613183 -0.291469 0.954613
0.19053 -0.147014 0.970611
-0.0244904 -0.00216262 0.999698
-0.3233 0.188889 0.927253
-0.442461 -0.32618 0.835365
-0.20933 0.0353535 0.977206
-0.633905 -0.0482606 0.771903
-0.378156 -0.273341 0.884467
-0.242858 0.0362812 0.969383
-0.477046 0.149013 0.866154
-0.0222112 -0.027407 0.999378
0.0503163 0.325048 0.944358
-0.237436 0.437529 0.86729
0.130157 -0.241303 0.961682
0.183239 0.0430257 0.982126
-0.0445949 0.0720093 0.996407
0.0488836 -0.0360793 0.998153
0.0431982 0.0103529 0.999013
-0.0432809 0.07968 0.99588
0.0934205 -0.289662 0.952559
0.044423 0.011786 0.998943
-0.0734963 0.169979 0.982703
0.00524111 0.0312284 0.999499
-0.0467204 0.0625084 0.99695
-0.0099718 0.0387765 0.999198
0.0454716 -0.00567588 0.99895
0.0343517 0.0282934 0.999009
-0.0100277 0.0398639 0.999155
0.0410728 -0.00550806 0.999141
0.0668047 -0.0529514 0.99636
0.0312641 0.00193718 0.999509
0.171687 -0.0749246 0.982298
0.0147763 0.0441468 0.998916
-0.289924 0.0912982 0.952685
0.0799359 -0.0432981 0.995859
0.0123122 0.0420518 0.99904
-0.0407132 0.0488786 0.997975
0.0750796 -0.0439635 0.996208
0.0452223 0.181796 0.982296
-0.24316 0.131768 0.960994
0.437623 -0.237619 0.867193
0.325193 0.0505498 0.944296
-0.0275922 -0.0222485 0.999372
0.148835 -0.477406 0.865986
0.0362755 -0.242808 0.969396
-0.273683 -0.378225 0.884332
-0.0482004 -0.633907 0.771906
0.0353712 -0.209342 0.977203
-0.326503 -0.442454 0.835243
0.189646 -0.322732 0.927296
-0.00365379 -0.025138 0.999677
-0.146893 0.190938 0.970549
-0.292456 -0.0595393 0.954424
-0.0171157 -0.00240914 0.999851
0.241723 -0.122307 0.962606
0.479278 -0.249584 0.841428
0.0665799 0.121628 0.99034
-0.255091 0.156623 0.954148
0.00484076 0.224918 0.974366
0.238074 0.185416 0.953384
0.210992 0.0459611 0.976407
0.508305 -0.185317 0.841002
0.625654 0.22086 0.748183
-0.132878 0.324031 0.936668
0.204349 -0.0639447 0.976807
0.403867 -0.0276244 0.9144
0.430585 -0.118812 0.894696
0.0704668 -0.0995445 0.992535
0.267788 0.150339 0.951676
-0.138725 0.0999157 0.985278
-0.0404025 -0.130802 0.990585
0.193089 0.201591 0.960249
-0.296076 0.0304506 0.954679
-0.155134 0.228077 0.961205
-0.0207678 0.258221 0.965863
-0.0717974 0.0935231 0.993025
0.207477 -0.0858655 0.974464
0.11691 0.0982083 0.988275
-0.033895 0.117881 0.992449
0.340351 8.01888e-05 0.940299
0.382251 0.0605992 0.922069
-0.191883 0.026449 0.981061
0.249286 0.250477 0.935477
0.296628 -0.141158 0.944503
-0.281319 -0.0385377 0.95884
-0.075931 -0.0682945 0.994772
0.0330295 0.029705 0.999013
-0.071509 -0.0209647 0.99722
0.0903963 0.00595179 0.995888
0.102004 0.0662047 0.992578
0.0442949 0.0493299 0.9978
0.0610159 -0.147051 0.987245
0.147921 0.0904422 0.984855
-0.0945468 -0.0125984 0.995441
-0.00618752 0.424535 0.90539
0.0248828 0.283823 0.958554
0.0968172 0.18051 0.978797
-0.00720591 0.392091 0.919898
-0.00654598 0.404306 0.9146
0.0897328 0.326745 0.940843
-0.0728584 0.448683 0.890716
-0.0802064 0.341902 0.936307
0.0840386 0.191473 0.977893
-0.475956 -0.152544 0.866139
0.275637 0.251722 0.927718
0.48221 -0.0635425 0.873748
-0.141234 0.299725 0.943514
0.678167 -0.106443 0.727158
0.113435 0.029914 0.993095
0.199697 0.216419 0.955659
0.0329346 0.586304 0.809421
0.25585 0.526819 0.810557
0.291924 0.31919 0.901609
0.27113 -0.377936 0.885242
-0.300727 0.0821059 0.950169
-0.0256507 -0.509772 0.859927
0.216624 0.379547 0.899454
-0.236116 -0.245549 0.940189
0.0436945 -0.0303429 0.998584
0.288984 0.369513 0.883147
-0.165322 -0.0353643 0.985605
-0.327746 0.33275 0.884229
-0.355422 0.250241 0.900586
-0.049552 0.0842922 0.995208
-0.373853 0.357607 0.855775
-0.332862 0.343767 0.878081
-0.255541 0.310917 0.91544
-0.371258 0.371259 0.851078
-0.377219 0.377221 0.845819
-0.377218 0.377221 0.84582
-0.0979588 0.11227 0.988837
-0.0771373 0.219042 0.972661
-0.0560165 0.394845 0.917038
-0.142595 0.215833 0.965962
0.0255539 0.428058 0.90339
-0.0237672 0.265968 0.963689
-0.0130076 0.194673 0.980782
-0.0725668 0.577497 0.813161
-0.157708 0.58565 0.795074
-0.186862 0.323907 0.927452
-0.22697 0.05872 0.97213
-0.0852276 0.129725 0.98788
-0.087828 0.0646512 0.994035
-0.0454511 0.354515 0.933945
-0.0943377 0.140641 0.985556
-0.058319 0.12456 0.990497
-0.0489321 0.372959 0.926557
-0.147613 0.280168 0.948534
-0.110395 -0.0325712 0.993354
-0.420378 0.316836 0.850234
-0.389913 0.00680997 0.920826
-0.303836 0.00865614 0.952685
-0.306193 -0.0656804 0.949701
-0.0313395 -0.0058306 0.999492
-0.310271 0.00720919 0.950621
-0.264724 -0.0782806 0.961142
-0.154589 0.0180357 0.987814
-0.437154 0.0390378 0.898539
-0.409483 0.0136535 0.912215
-0.397725 0.00756116 0.917473
-0.61586 0.139749 0.775362
-0.470324 -0.0549501 0.880781
-0.313644 -0.0657674 0.94726
-0.334369 0.00987515 0.94239
-0.460803 -0.322265 0.826925
-0.241227 -0.105159 0.964754
0.34289 0.446798 0.826316
-0.293317 -0.0941317 0.95137
0.112336 0.675865 0.728414
-0.00490866 0.153099 0.988199
-0.203724 0.241764 0.948708
-0.579862 0.0780369 0.810969
0.00854308 0.101533 0.994796
0.0815444 -0.00834688 0.996635
-0.405284 0.360684 0.840031
-0.252004 -0.395745 0.883108
-0.113623 -0.0688747 0.991134
-0.120333 -0.18689 0.974983
-0.104424 -0.559305 0.822359
-0.033091 -0.172785 0.984404
-0.379694 0.217693 0.899134
0.0653225 -0.426951 0.901912
-0.113174 -0.218679 0.969212
-0.114061 -0.219384 0.968948
-0.305259 -0.305268 0.902014
-0.354431 -0.372469 0.857698
-0.337771 -0.322696 0.884182
-0.378144 -0.378144 0.844994
-0.371192 -0.371192 0.851136
-0.378144 -0.378144 0.844994
-0.322733 -0.337807 0.884155
-0.372469 -0.35443 0.857698
-0.305264 -0.305267 0.902012
-0.219512 -0.113994 0.968927
-0.218795 -0.113108 0.969193
-0.426961 0.0652267 0.901915
0.217335 -0.379646 0.899241
-0.172808 -0.0331462 0.984398
-0.559258 -0.10428 0.822409
-0.186976 -0.120246 0.974977
-0.0688887 -0.113728 0.991121
-0.395523 -0.252053 0.883194
0.360546 -0.405761 0.83986
-0.00823422 0.0818171 0.996613
0.100925 0.00863341 0.994857
0.0783415 -0.580046 0.810808
0.241967 -0.203675 0.948667
0.153043 -0.00504835 0.988207
0.675626 0.11181 0.728716
-0.0935092 -0.29276 0.951603
0.446812 0.343144 0.826203
-0.105043 -0.241381 0.964728
-0.322702 -0.460651 0.82684
0.00978575 -0.334303 0.942415
-0.065811 -0.313488 0.947309
-0.0549796 -0.470439 0.880718
0.139864 -0.616106 0.775146
0.00748937 -0.397771 0.917454
0.0136829 -0.409512 0.912202
0.0388831 -0.437059 0.898592
0.0179578 -0.154015 0.987905
-0.078059 -0.265045 0.961071
0.00706449 -0.310532 0.950537
-0.0059648 -0.0313527 0.999491
-0.0656833 -0.305903 0.949794
0.00853888 -0.303915 0.952661
0.00705499 -0.389435 0.921027
0.316584 -0.420396 0.850319
-0.0328867 -0.11092 0.993285
0.27952 -0.148105 0.948648
0.372559 -0.0485741 0.926736
0.124601 -0.0582005 0.990498
0.140422 -0.0949324 0.98553
0.354911 -0.0451945 0.933807
0.0645143 -0.0880415 0.994025
0.129693 -0.0860061 0.987817
0.0588303 -0.226928 0.972133
0.323908 -0.18726 0.927371
0.585602 -0.158028 0.795046
0.577436 -0.0725782 0.813203
0.194783 -0.0130754 0.980759
0.265857 -0.0239232 0.963716
0.42776 0.0256343 0.903529
0.215924 -0.142773 0.965916
0.395357 -0.0560711 0.916814
0.219522 -0.0765398 0.972601
0.111294 -0.0976197 0.988981
0.377224 -0.377217 0.845819
0.377221 -0.377216 0.845821
0.371259 -0.371257 0.851079
0.310947 -0.255591 0.915415
0.343764 -0.332866 0.878081
0.35761 -0.373856 0.855773
0.084156 -0.0494242 0.995226
0.250221 -0.35544 0.900584
0.332784 -0.327802 0.884195
-0.0364584 -0.166501 0.985367
0.368055 0.288781 0.883822
-0.0283461 0.0460489 0.998537
-0.250714 -0.238207 0.938296
0.377692 0.218821 0.899703
-0.510058 -0.0248999 0.85978
0.0814089 -0.301312 0.950044
-0.383942 0.273109 0.882043
0.319972 0.293197 0.900918
0.526372 0.256044 0.810786
0.585929 0.0323151 0.809718
0.21729 0.198695 0.95567
0.0291375 0.112698 0.993202
-0.107068 0.678365 0.726882
0.300019 -0.141496 0.943381
-0.0645912 0.481946 0.873817
0.250885 0.275742 0.927913
-0.151819 -0.47727 0.865543
0.191257 0.0842426 0.977918
0.341701 -0.0799738 0.9364
0.448897 -0.0725931 0.89063
0.326861 0.0898766 0.940789
0.404616 -0.00644586 0.914464
0.39202 -0.00666457 0.919932
0.180455 0.0971297 0.978776
0.283667 0.0252669 0.95859
0.424796 -0.00565095 0.905272
-0.0124829 -0.0973493 0.995172
0.089438 0.147726 0.984976
-0.150203 0.0579471 0.986955
0.0522122 0.0440116 0.997666
0.0674836 0.102802 0.99241
0.0054416 0.0913847 0.995801
-0.0177168 -0.0681392 0.997519
0.0311947 0.0313785 0.999021
-0.0715411 -0.076804 0.994476
-0.0372625 -0.282174 0.958639
-0.140012 0.296603 0.944682
0.250183 0.249617 0.935468
0.0262461 -0.192397 0.980966
0.0612387 0.383436 0.921535
-0.00120826 0.341638 0.939831
0.117779 -0.0334431 0.992477
0.0970344 0.117486 0.988323
-0.0851036 0.208523 0.974308
0.0946225 -0.0729594 0.992836
0.259009 -0.0199717 0.965668
0.227842 -0.155278 0.961237
0.0302567 -0.29667 0.954501
0.200708 0.194191 0.960212
-0.131063 -0.0394209 0.99059
0.0996313 -0.137479 0.985481
0.150284 0.267663 0.95172
-0.0992307 0.0709814 0.99253
-0.102942 -0.531259 0.840932
0.0586679 0.377356 0.924208
-0.195616 0.171319 0.9656
-0.0114031 -0.00660565 0.999913
0.205503 0.134789 0.96933
-0.198414 0.185247 0.962453
0.014043 0.0123999 0.999825
-0.129135 -0.302945 0.944219
-0.30003 -0.226939 0.926542
0.166283 -0.176538 0.970147
0.0184498 -0.289837 0.956898
-0.109499 -0.307289 0.945295
0.152126 -0.162384 0.97493
-0.0268285 -0.28612 0.957818
0.287815 -0.346066 0.892973
0.152366 -0.70036 0.697338
0.205751 0.134508 0.969316
-0.005781 -0.0519292 0.998634
-0.0961819 -0.303344 0.948015
-0.093769 -0.458622 0.88367
0.0131619 -0.400403 0.916245
0.0236912 -0.291996 0.956126
0.0208192 -0.292289 0.956103
0.220276 -0.364774 0.904665
-0.0633938 -0.319696 0.945397
0.0920414 -0.325935 0.940901
-0.0195735 -0.396916 0.917646
0.321176 0.0233206 0.946732
0.323006 -0.182407 0.928652
-0.313015 -0.0893877 0.945532
0.212138 -0.0903747 0.973052
0.219145 -0.16602 0.961464
-0.311 -0.25374 0.915912
0.361873 -0.0154206 0.9321
0.25616 0.0519454 0.965238
0.0162751 0.132624 0.991033
-0.0420525 -0.265973 0.963063
0.209492 -0.105561 0.972096
-0.321812 0.187739 0.928004
0.03943 -0.339244 0.939872
-0.144553 -0.144695 0.978861
-0.339431 0.0390617 0.93982
0.18697 -0.321521 0.92826
-0.104961 0.209193 0.972225
-0.265176 -0.0420238 0.963284
0.131663 0.0150339 0.991181
0.0514955 0.256275 0.965231
-0.0155247 0.361649 0.932185
-0.254393 -0.311619 0.91552
-0.166366 0.219272 0.961375
-0.0895735 0.212151 0.973123
-0.089649 -0.313129 0.94547
-0.182336 0.322774 0.928747
0.0240113 0.321146 0.946725
-0.396951 -0.0194071 0.917634
-0.32578 0.0922035 0.940939
-0.319669 -0.0634541 0.945402
-0.364653 0.220336 0.904699
-0.292138 0.0207129 0.956152
-0.29219 0.0236688 0.956067
-0.400207 0.0131659 0.91633
-0.458241 -0.0936233 0.883883
-0.303647 -0.0962062 0.947915
-0.0533436 -0.00728685 0.99855
0.134195 0.205795 0.96935
-0.700497 0.150872 0.697525
-0.346983 0.287082 0.892853
-0.286394 -0.0269627 0.957732
-0.16237 0.15187 0.974972
-0.30711 -0.109641 0.945337
-0.290129 0.0187849 0.956803
-0.176798 0.166344 0.970089
-0.226079 -0.299971 0.926772
-0.30227 -0.130442 0.944255
0.0128339 0.0137074 0.999824
0.183655 -0.199118 0.962612
0.133964 0.205987 0.969342
-0.00577704 -0.0115258 0.999917
0.171159 -0.196457 0.965458
0.376291 0.0590373 0.924619
-0.531361 -0.103028 0.840857
0.39558 0.214164 0.893113
0.328602 0.0985349 0.939315
0.275589 0.102843 0.955758
0.227697 0.166767 0.959345
0.319292 0.0836555 0.943957
0.276545 0.110687 0.954605
0.450102 -0.0368395 0.892217
0.290244 0.03373 0.956358
0.245236 0.101784 0.964106
0.10933 0.27445 0.955366
0.135298 0.188396 0.972729
-0.0544374 0.285261 0.956903
0.0544018 0.219576 0.974077
0.167626 0.167468 0.971523
0.21963 0.0544591 0.974062
0.285169 -0.0547337 0.956913
0.188027 0.135707 0.972743
0.274807 0.109566 0.955236
0.1018 0.245189 0.964116
0.0336132 0.290123 0.956399
-0.0368953 0.450156 0.892187
0.110692 0.27654 0.954606
0.083543 0.319173 0.944007
0.16688 0.227492 0.959374
0.102836 0.275597 0.955757
0.0984986 0.328588 0.939323
0.214209 0.395561 0.89311
0.381392 -0.164375 0.909682
0.0974173 0.551542 0.828439
0.0517456 0.555729 0.829752
0.370924 0.000693863 0.928663
0.218986 0.219348 0.950753
0.000870938 0.371075 0.928602
0.555703 0.0517259 0.82977
0.551527 0.0974723 0.828442
-0.164292 0.38139 0.909697
0.491314 -0.0152185 0.87085
0.230453 0.131418 0.964168
-0.0180499 0.108557 0.993926
-0.465262 -0.295932 0.834239
-0.288877 0.0518712 0.95596
-0.559303 -0.100418 0.822858
-0.365847 -0.0267715 0.93029
-0.430498 -0.0691766 0.899937
-0.372066 -0.0807382 0.924688
0.0138922 -0.146264 0.989148
0.0991473 0.118377 0.988006
-0.184705 0.034545 0.982187
0.315459 0.0920247 0.944467
0.0739705 0.0746155 0.994465
0.0919697 0.315624 0.944417
0.0341554 -0.185588 0.982034
0.11744 0.0996722 0.988065
-0.145054 0.0149187 0.989311
-0.0807523 -0.372021 0.924705
-0.0690717 -0.430564 0.899913
-0.0268644 -0.365931 0.930254
-0.100641 -0.558951 0.823071
0.0513575 -0.288665 0.956052
-0.296032 -0.465865 0.833867
0.108626 -0.0179402 0.993921
0.131473 0.22992 0.964288
-0.0150474 0.491256 0.870885
0.100699 -0.0421347 0.994024
0.207308 0.134586 0.968974
-0.0613233 0.316458 0.946622
0.143493 -0.065994 0.987449
0.112077 0.288643 0.950854
-0.00122421 0.303092 0.95296
0.00793202 -0.0195053 0.999778
-0.0175252 0.00324977 0.999841
-0.0369886 0.0545922 0.997823
0.174363 0.119126 0.977449
0.176233 -0.0838925 0.980767
0.507303 -0.195816 0.839226
0.449432 -0.169792 0.87703
0.359089 0.326157 0.874458
0.0054681 0.0146512 0.999878
-0.0382627 -0.281791 0.958713
-0.286857 0.297728 0.910533
0.322069 0.301912 0.897285
0.289388 -0.313391 0.904456
0.297981 -0.295538 0.90767
0.372516 -0.356618 0.85677
0.431574 -0.0627897 0.89989
0.502241 -0.173473 0.847148
0.027903 -0.0515291 0.998282
0.112631 -0.171755 0.97868
0.130909 -0.239105 0.962129
-0.092404 -0.237038 0.967096
0.000137219 -0.386066 0.922471
-0.035186 -0.0267622 0.999022
-0.0235293 -0.000216908 0.999723
0.0318536 -0.314138 0.948843
0.0124247 -0.392675 0.919593
-0.0269343 -0.405219 0.913823
0.290593 -0.250193 0.923558
-0.375355 0.172402 0.910706
0.507971 0.053951 0.859683
-0.178697 -0.0990696 0.978904
-0.2459 -0.120582 0.961766
-0.0907262 -0.141399 0.985786
-0.338253 -0.271582 0.901015
-0.324137 -0.324142 0.888745
-0.271581 -0.338201 0.901035
-0.141356 -0.0905752 0.985807
-0.120605 -0.245624 0.961833
-0.099157 -0.178598 0.978913
0.0513458 0.509472 0.858954
0.173546 -0.377513 0.909596
-0.250025 0.290291 0.923698
-0.405231 -0.0269295 0.913817
-0.392776 0.0123767 0.919551
-0.314174 0.0318578 0.948831
-0.000327525 -0.0227148 0.999742
-0.0263663 -0.0355856 0.999019
-0.386309 -0.000976864 0.922369
-0.237643 -0.0929123 0.966899
-0.239289 0.131223 0.96204
-0.171796 0.112256 0.978716
-0.0515896 0.0279638 0.998277
-0.173529 0.502116 0.847211
-0.0631526 0.431814 0.899749
-0.35661 0.372513 0.856775
-0.295527 0.297969 0.907678
-0.313418 0.289504 0.904409
0.300709 0.321662 0.897835
0.2967 -0.287912 0.910536
-0.280582 -0.0405171 0.958975
0.0137286 0.00204695 0.999904
0.326687 0.360535 0.873665
-0.170969 0.451683 0.875644
-0.196664 0.507443 0.838943
-0.0843483 0.176496 0.980681
0.119377 0.174324 0.977425
0.0517548 -0.0386648 0.997911
0.000391541 -0.0189248 0.999821
-0.0232156 0.00389962 0.999723
0.302246 -0.000264677 0.95323
0.288452 0.112293 0.950887
-0.0667086 0.144217 0.987295
0.318179 -0.0623511 0.945978
0.134264 0.207591 0.968958
-0.0402285 0.0996143 0.994213
0.223658 -0.108279 0.968634
0.153439 0.0441306 0.987172
0.348763 0.0170903 0.937055
0.475792 -0.170631 0.862848
0.493209 -0.045052 0.868744
-0.300214 0.139128 0.943671
0.584578 0.0429732 0.810198
0.600976 -0.268252 0.752907
-0.00166672 -0.208226 0.978079
-0.126176 0.342062 0.931168
0.0673242 -0.132595 0.988881
0.0366157 -0.258252 0.965383
0.155417 -0.121873 0.980302
0.0605891 0.0612022 0.996285
-0.122126 0.153609 0.980556
-0.258401 0.0376265 0.965305
-0.133605 0.0661429 0.988825
0.340515 -0.125773 0.931789
-0.208159 -0.00145701 0.978094
-0.26818 0.600814 0.753062
0.0429942 0.584438 0.810298
0.138886 -0.299239 0.944016
-0.0443494 0.491756 0.869603
-0.17052 0.475651 0.862948
0.0168391 0.348481 0.937165
0.0440083 0.153819 0.987119
-0.10816 0.223847 0.968604
-0.105287 0.46554 0.878742
-0.101427 0.299452 0.948705
0.0295024 0.412668 0.910403
0.187906 0.070432 0.979659
-0.104982 -0.104935 0.988922
0.0701855 0.188316 0.979597
0.412708 0.0294241 0.910388
0.299657 -0.101386 0.948645
0.46532 -0.10512 0.878878
-0.161678 -0.200883 0.966181
0.0837104 0.178649 0.980345
-0.0482178 0.036657 0.998164
-0.292111 0.463263 0.836695
-0.0967079 0.0521134 0.993948
-0.0801654 0.119449 0.989599
-0.226206 0.113049 0.967497
-0.224994 0.111945 0.967908
-0.28693 0.0506991 0.956609
-0.00698995 -0.281562 0.959517
-0.3958 0.270537 0.877583
0.39364 0.273409 0.877664
-0.0131536 -0.291926 0.95635
-0.136978 -0.137002 0.981054
-0.291915 -0.0132532 0.956353
0.271674 0.393364 0.878327
0.267149 -0.395994 0.878533
-0.280293 -0.00756621 0.959885
0.0506154 -0.286598 0.956713
0.111956 -0.22508 0.967887
0.113 -0.22623 0.967497
0.120012 -0.0812438 0.989443
0.0519209 -0.0968628 0.993943
0.463495 -0.2923 0.8365
0.0370055 -0.0501262 0.998057
0.180206 0.0841141 0.980026
-0.203304 -0.163271 0.965407
-0.220613 -0.0456846 0.974291
-0.448338 0.323269 0.833361
0.0819092 -0.192249 0.977922
0.0720953 0.0216296 0.997163
0.0132719 0.0119692 0.99984
0.0208081 0.0713 0.997238
-0.192229 0.0820178 0.977917
0.323578 -0.448284 0.83327
-0.0457331 -0.220702 0.974268
0.370524 0.376774 0.848972
0.37777 0.377754 0.845335
0.37677 0.370519 0.848976
