0.641314 0.645931 -0.235326
0.321462 0.645916 -0.216851
0.321395 0.312394 -0.216961
0.64136 0.312375 -0.235413
0.77811 0.312451 -0.142128
0.778637 0.145791 -0.142625
0.479234 0.31234 -0.264567
0.47918 0.145603 -0.265276
0.641719 0.145652 -0.236098
0.19265 0.312465 -0.112494
0.192174 0.145822 -0.112902
0.320953 0.145682 -0.217622
0.778581 0.812549 -0.142624
0.479194 0.812727 -0.265116
0.641647 0.812679 -0.235997
0.192216 0.812521 -0.11291
0.321031 0.81265 -0.217551
0.192761 0.645864 -0.112375
0.19291 0.479162 -0.112211
0.321535 0.479155 -0.216746
0.777996 0.645874 -0.141994
0.777846 0.479161 -0.141817
0.479239 0.645959 -0.264532
0.479241 0.479149 -0.264573
0.641269 0.479153 -0.235267
0.561976 0.479149 -0.259553
0.561978 0.395747 -0.259529
0.641288 0.395764 -0.235285
0.397688 0.479151 -0.24968
0.39768 0.395754 -0.249675
0.47924 0.395743 -0.264538
0.397665 0.645944 -0.249694
0.397686 0.562547 -0.249675
0.479241 0.562554 -0.264558
0.8348 0.479163 -0.0811468
0.834861 0.395815 -0.0812102
0.713659 0.479157 -0.194629
0.713707 0.395785 -0.194693
0.777917 0.395803 -0.1419
0.713764 0.645901 -0.194774
0.713674 0.562529 -0.194649
0.777868 0.562518 -0.141843
0.253234 0.479159 -0.169467
0.253172 0.395795 -0.169546
0.321503 0.395774 -0.216789
0.138644 0.479164 -0.0490786
0.138603 0.395821 -0.0491196
0.192839 0.39581 -0.112289
0.138558 0.645848 -0.0491632
0.138631 0.562508 -0.0490919
0.192887 0.562515 -0.112236
0.252529 0.812582 -0.170325
0.252853 0.729243 -0.169954
0.321295 0.729292 -0.217127
0.138264 0.812491 -0.0494169
0.138417 0.729178 -0.0492946
0.192508 0.729201 -0.112642
0.138339 0.895805 -0.0492922
0.192337 0.895838 -0.112655
0.562121 0.812719 -0.260135
0.562027 0.729349 -0.259693
0.641433 0.729316 -0.235562
0.397432 0.812702 -0.250329
0.397588 0.729335 -0.249889
0.479225 0.729357 -0.264675
0.397419 0.896037 -0.250187
0.479187 0.896061 -0.26504
0.835373 0.812501 -0.0816858
0.835138 0.729187 -0.0814864
0.71428 0.812617 -0.195482
0.713977 0.729267 -0.195079
0.77826 0.72922 -0.142298
0.714219 0.895947 -0.195202
0.778466 0.895871 -0.142334
0.252462 0.145754 -0.170343
0.253216 0.0624269 -0.169124
0.321552 0.0623543 -0.216237
0.138248 0.145854 -0.0494086
0.138609 0.062523 -0.0490113
0.192862 0.0624943 -0.112024
0.138495 0.312485 -0.0492229
0.138333 0.229164 -0.0493668
0.192351 0.229137 -0.112797
0.56216 0.145611 -0.260284
0.561959 0.0622853 -0.258879
0.641245 0.0623244 -0.234687
0.397373 0.145628 -0.250457
0.397712 0.0623011 -0.249044
0.479247 0.0622774 -0.263878
0.397637 0.312359 -0.249758
0.397516 0.228977 -0.250094
0.479211 0.228953 -0.264869
0.835402 0.145845 -0.0816749
0.834848 0.0625154 -0.0810246
0.714355 0.145717 -0.195524
0.713658 0.0623894 -0.194201
0.777882 0.0624633 -0.141556
0.713853 0.312415 -0.194901
0.714129 0.229055 -0.195292
0.77843 0.229113 -0.142481
0.835021 0.312476 -0.0813722
0.835266 0.229154 -0.081603
0.562 0.312347 -0.259577
0.562069 0.228961 -0.259892
0.641534 0.228999 -0.235773
0.252995 0.312434 -0.169774
0.252685 0.229085 -0.170157
0.321166 0.229026 -0.217342
0.835265 0.895814 -0.081487
0.562136 0.896053 -0.260035
0.641646 0.896014 -0.235804
0.252622 0.895909 -0.170027
0.321058 0.895983 -0.217308
0.253101 0.645886 -0.169637
0.253214 0.562523 -0.169492
0.321526 0.562535 -0.216758
0.834927 0.645856 -0.0812783
0.834819 0.562511 -0.0811673
0.561985 0.645954 -0.259532
0.561976 0.562552 -0.259542
0.641275 0.562542 -0.235271
0.602314 0.562547 -0.249675
0.602312 0.520849 -0.24968
0.641269 0.520847 -0.235267
0.520759 0.562554 -0.264558
0.520759 0.520851 -0.264573
0.561976 0.520851 -0.259553
0.520761 0.645959 -0.264532
0.52076 0.604257 -0.264538
0.561978 0.604253 -0.259529
0.861369 0.562508 -0.0490919
0.861356 0.520836 -0.0490786
0.807113 0.562515 -0.112236
0.80709 0.520838 -0.112211
0.8348 0.520837 -0.0811468
0.807239 0.645864 -0.112375
0.807161 0.60419 -0.112289
0.834861 0.604185 -0.0812102
0.286326 0.562529 -0.194649
0.286341 0.520843 -0.194629
0.321535 0.520845 -0.216746
0.222132 0.562518 -0.141843
0.222154 0.520839 -0.141817
0.253234 0.520841 -0.169467
0.222004 0.645874 -0.141994
0.222084 0.604197 -0.1419
0.253172 0.604205 -0.169546
0.285781 0.895947 -0.195202
0.285645 0.854283 -0.195525
0.320953 0.854318 -0.217622
0.221534 0.895871 -0.142334
0.221363 0.854209 -0.142625
0.252462 0.854246 -0.170343
0.222118 0.937537 -0.141556
0.253216 0.937573 -0.169124
0.602581 0.896037 -0.250187
0.602627 0.854372 -0.250457
0.641719 0.854349 -0.236098
0.520813 0.896061 -0.26504
0.52082 0.854397 -0.265276
0.56216 0.854389 -0.260284
0.520753 0.937723 -0.263878
0.561959 0.937715 -0.258879
0.861661 0.895805 -0.0492922
0.861752 0.854146 -0.0494086
0.807663 0.895838 -0.112654
0.807826 0.854178 -0.112902
0.835402 0.854155 -0.0816749
0.807138 0.937506 -0.112024
0.834848 0.937485 -0.0810246
0.285871 0.229055 -0.195292
0.28572 0.187383 -0.195482
0.321031 0.18735 -0.217551
0.22157 0.229113 -0.142482
0.221419 0.187451 -0.142624
0.252529 0.187418 -0.170325
0.22189 0.312451 -0.142128
0.22174 0.27078 -0.142298
0.252853 0.270757 -0.169954
0.602484 0.228977 -0.250094
0.602568 0.187298 -0.250329
0.641647 0.187321 -0.235997
0.520789 0.228953 -0.264869
0.520806 0.187273 -0.265116
0.562121 0.187282 -0.260135
0.520766 0.31234 -0.264567
0.520775 0.270643 -0.264675
0.562027 0.270651 -0.259693
0.861667 0.229164 -0.0493668
0.861736 0.187509 -0.0494169
0.807649 0.229137 -0.112797
0.807784 0.187479 -0.11291
0.835373 0.187499 -0.0816858
0.807351 0.312465 -0.112494
0.807492 0.270799 -0.112642
0.835138 0.270813 -0.0814864
0.747315 0.229085 -0.170157
0.747471 0.187418 -0.170325
0.778581 0.187451 -0.142624
0.678834 0.229026 -0.217342
0.678969 0.18735 -0.217551
0.71428 0.187383 -0.195482
0.678605 0.312394 -0.216961
0.678705 0.270708 -0.217127
0.713977 0.270733 -0.195079
0.746784 0.0624269 -0.169124
0.678448 0.0623543 -0.216237
0.679047 0.145682 -0.217622
0.678942 0.104017 -0.217308
0.714219 0.104053 -0.195202
0.861391 0.062523 -0.0490112
0.807138 0.0624943 -0.112024
0.807826 0.145822 -0.112902
0.807663 0.104162 -0.112654
0.835265 0.104186 -0.081487
0.437931 0.228961 -0.259892
0.437879 0.187282 -0.260135
0.479194 0.187273 -0.265116
0.358466 0.228999 -0.235773
0.358353 0.187321 -0.235997
0.397432 0.187298 -0.250329
0.35864 0.312375 -0.235413
0.358567 0.270684 -0.235562
0.397588 0.270665 -0.249889
0.438042 0.0622853 -0.258879
0.358755 0.0623244 -0.234687
0.358281 0.145652 -0.236098
0.358354 0.103986 -0.235804
0.397419 0.103963 -0.250187
0.602288 0.0623011 -0.249044
0.520753 0.0622774 -0.263878
0.52082 0.145603 -0.265276
0.520813 0.103939 -0.26504
0.562136 0.103947 -0.260035
0.164734 0.229154 -0.081603
0.164627 0.187499 -0.0816858
0.192216 0.187479 -0.11291
0.138264 0.187509 -0.0494169
0.138417 0.270822 -0.0492946
0.165152 0.0625154 -0.0810246
0.138339 0.104195 -0.0492922
0.286342 0.0623894 -0.194201
0.222118 0.0624633 -0.141556
0.221363 0.145791 -0.142625
0.221534 0.104129 -0.142334
0.252622 0.104091 -0.170027
0.747378 0.895909 -0.170027
0.747538 0.854246 -0.170343
0.778637 0.854209 -0.142625
0.678942 0.895983 -0.217308
0.679047 0.854318 -0.217622
0.714355 0.854283 -0.195524
0.678448 0.937646 -0.216237
0.713658 0.937611 -0.194201
0.747147 0.729243 -0.169954
0.747005 0.687566 -0.169774
0.77811 0.687549 -0.142128
0.678705 0.729292 -0.217127
0.678605 0.687606 -0.216961
0.713853 0.687585 -0.194901
0.678969 0.81265 -0.217551
0.678834 0.770974 -0.217342
0.714129 0.770945 -0.195292
0.861583 0.729178 -0.0492945
0.861505 0.687515 -0.0492228
0.807492 0.729201 -0.112642
0.807351 0.687535 -0.112494
0.835021 0.687524 -0.0813722
0.807784 0.812521 -0.11291
0.807649 0.770863 -0.112797
0.835266 0.770846 -0.081603
0.437864 0.896053 -0.260035
0.43784 0.854389 -0.260284
0.47918 0.854397 -0.265276
0.358354 0.896014 -0.235804
0.358281 0.854349 -0.236098
0.397373 0.854372 -0.250457
0.358755 0.937676 -0.234687
0.397712 0.937699 -0.249044
0.437973 0.729349 -0.259693
0.438001 0.687653 -0.259577
0.479234 0.68766 -0.264567
0.358567 0.729316 -0.235562
0.35864 0.687625 -0.235413
0.397637 0.687641 -0.249758
0.358353 0.812679 -0.235997
0.358466 0.771001 -0.235773
0.397516 0.771023 -0.250094
0.602412 0.729335 -0.249889
0.602363 0.687641 -0.249758
0.64136 0.687625 -0.235413
0.520775 0.729357 -0.264675
0.520766 0.68766 -0.264567
0.562 0.687653 -0.259577
0.520806 0.812727 -0.265116
0.520789 0.771047 -0.264869
0.562069 0.771039 -0.259892
0.164735 0.895814 -0.081487
0.164598 0.854155 -0.0816749
0.192174 0.854178 -0.112902
0.138248 0.854146 -0.0494086
0.138609 0.937477 -0.0490113
0.164862 0.729187 -0.0814864
0.164979 0.687524 -0.0813722
0.19265 0.687535 -0.112494
0.138495 0.687515 -0.0492229
0.138333 0.770836 -0.0493668
0.286023 0.729267 -0.195079
0.286147 0.687585 -0.194901
0.321395 0.687606 -0.216961
0.22174 0.72922 -0.142298
0.22189 0.687549 -0.142128
0.252995 0.687566 -0.169774
0.221419 0.812549 -0.142624
0.22157 0.770887 -0.142482
0.252685 0.770915 -0.170157
0.165181 0.562511 -0.0811673
0.1652 0.520837 -0.0811468
0.19291 0.520838 -0.112211
0.138644 0.520836 -0.0490786
0.138603 0.604179 -0.0491196
0.165139 0.395815 -0.0812102
0.165073 0.354144 -0.0812783
0.192761 0.354136 -0.112375
0.138558 0.354152 -0.0491632
0.138631 0.437492 -0.0490919
0.286293 0.395785 -0.194693
0.286236 0.354099 -0.194774
0.321462 0.354084 -0.216851
0.222084 0.395803 -0.1419
0.222004 0.354126 -0.141994
0.253101 0.354114 -0.169637
0.222154 0.479161 -0.141817
0.222132 0.437482 -0.141843
0.253214 0.437477 -0.169492
0.746786 0.562523 -0.169492
0.746766 0.520841 -0.169467
0.777846 0.520839 -0.141817
0.678475 0.562535 -0.216758
0.678465 0.520845 -0.216746
0.713659 0.520843 -0.194629
0.678538 0.645916 -0.216851
0.678497 0.604226 -0.216789
0.713707 0.604215 -0.194693
0.746828 0.395795 -0.169546
0.746899 0.354114 -0.169637
0.777996 0.354126 -0.141994
0.678497 0.395774 -0.216789
0.678538 0.354084 -0.216851
0.713764 0.354099 -0.194774
0.678465 0.479155 -0.216746
0.678475 0.437465 -0.216758
0.713674 0.437471 -0.194649
0.861397 0.395821 -0.0491196
0.861442 0.354152 -0.0491632
0.807161 0.39581 -0.112289
0.807239 0.354136 -0.112375
0.834927 0.354144 -0.0812783
0.80709 0.479162 -0.112211
0.807113 0.437485 -0.112236
0.834819 0.437489 -0.0811673
0.438024 0.562552 -0.259542
0.438025 0.520851 -0.259553
0.479241 0.520851 -0.264573
0.358725 0.562542 -0.235271
0.358731 0.520847 -0.235267
0.397688 0.520849 -0.24968
0.358686 0.645931 -0.235326
0.358712 0.604236 -0.235285
0.39768 0.604246 -0.249675
0.438022 0.395747 -0.259529
0.438015 0.354046 -0.259532
0.479239 0.354041 -0.264532
0.358712 0.395764 -0.235285
0.358686 0.354069 -0.235326
0.397665 0.354056 -0.249694
0.358731 0.479153 -0.235267
0.358725 0.437458 -0.235271
0.397686 0.437453 -0.249675
0.60232 0.395754 -0.249675
0.602335 0.354056 -0.249694
0.641314 0.354069 -0.235326
0.52076 0.395743 -0.264538
0.520761 0.354041 -0.264532
0.561985 0.354046 -0.259532
0.520759 0.479149 -0.264573
0.520759 0.437446 -0.264558
0.561976 0.437448 -0.259542
0.602312 0.479151 -0.24968
0.602314 0.437453 -0.249675
0.641275 0.437458 -0.235271
0.438025 0.479149 -0.259553
0.438024 0.437448 -0.259542
0.479241 0.437446 -0.264558
0.438015 0.645954 -0.259532
0.438022 0.604253 -0.259529
0.47924 0.604257 -0.264538
0.861356 0.479164 -0.0490786
0.861369 0.437492 -0.0490919
0.746766 0.479159 -0.169467
0.746786 0.437477 -0.169492
0.777868 0.437482 -0.141843
0.746899 0.645886 -0.169637
0.746828 0.604205 -0.169546
0.777917 0.604197 -0.1419
0.286341 0.479157 -0.194629
0.286326 0.437471 -0.194649
0.321526 0.437465 -0.216758
0.1652 0.479163 -0.0811468
0.165181 0.437489 -0.0811673
0.192887 0.437485 -0.112236
0.165073 0.645856 -0.0812783
0.165139 0.604185 -0.0812102
0.192839 0.60419 -0.112289
0.28572 0.812617 -0.195482
0.285871 0.770945 -0.195292
0.321166 0.770974 -0.217342
0.164627 0.812501 -0.0816858
0.164734 0.770846 -0.081603
0.192351 0.770863 -0.112797
0.165152 0.937485 -0.0810246
0.192862 0.937506 -0.112024
0.602568 0.812702 -0.250329
0.602484 0.771023 -0.250094
0.641534 0.771001 -0.235773
0.437879 0.812719 -0.260135
0.437931 0.771039 -0.259892
0.479211 0.771047 -0.264869
0.438042 0.937715 -0.258879
0.479247 0.937723 -0.263878
0.861736 0.812491 -0.0494169
0.861667 0.770836 -0.0493668
0.747471 0.812582 -0.170325
0.747315 0.770915 -0.170157
0.77843 0.770887 -0.142481
0.746784 0.937573 -0.169124
0.777882 0.937537 -0.141556
0.285645 0.145717 -0.195525
0.285781 0.104053 -0.195202
0.321058 0.104017 -0.217308
0.164598 0.145845 -0.0816749
0.164735 0.104186 -0.081487
0.192337 0.104162 -0.112655
0.164979 0.312476 -0.0813722
0.164862 0.270813 -0.0814864
0.192508 0.270799 -0.112642
0.602627 0.145628 -0.250457
0.602581 0.103963 -0.250187
0.641646 0.103986 -0.235804
0.43784 0.145611 -0.260284
0.437864 0.103947 -0.260035
0.479187 0.103939 -0.26504
0.438001 0.312347 -0.259577
0.437973 0.270651 -0.259693
0.479225 0.270643 -0.264675
0.861752 0.145854 -0.0494086
0.861661 0.104195 -0.0492922
0.747538 0.145754 -0.170343
0.747378 0.104091 -0.170027
0.778466 0.104129 -0.142334
0.747005 0.312434 -0.169774
0.747147 0.270757 -0.169954
0.77826 0.27078 -0.142298
0.861505 0.312485 -0.0492228
0.861583 0.270822 -0.0492945
0.602363 0.312359 -0.249758
0.602412 0.270665 -0.249889
0.641433 0.270684 -0.235562
0.286147 0.312415 -0.194901
0.286023 0.270733 -0.195079
0.321295 0.270708 -0.217127
0.861391 0.937477 -0.0490112
0.602288 0.937699 -0.249044
0.641245 0.937676 -0.234687
0.286342 0.937611 -0.194201
0.321552 0.937646 -0.216237
0.286236 0.645901 -0.194774
0.286293 0.604215 -0.194693
0.321503 0.604226 -0.216789
0.861442 0.645848 -0.0491632
0.861397 0.604179 -0.0491196
0.602335 0.645944 -0.249694
0.60232 0.604246 -0.249675
0.641288 0.604236 -0.235285
0 0 0
0 2.44249e-15 0
0 -1.11022e-16 0
0 1.44329e-15 0
0 1.11022e-16 0
0 1.22125e-15 0
0 1.11022e-16 0
0 2.33147e-15 0
0 0 0
0 7.77156e-16 0
0 0 0
0 6.66134e-16 0
0 1.11022e-16 0
0 1.90398 0
0 1.11022e-16 0
0 1.90398 0
0 1.11022e-16 0
0 2.22045e-15 0
0 0 0
0 2.22045e-16 0
0 2.22045e-16 0
0 0 0
0 1.11022e-16 0
0 8.88178e-16 0
0 -2.22045e-16 0
0 7.77156e-16 0
0 1.11022e-16 0
0 1.90398 0
0 0 0
0 2.44249e-15 0
0 1.11022e-16 0
0 0 0
0 1.11022e-16 0
0 1.44329e-15 0
0 -1.11022e-16 0
0 0 0
0 0 0
0 2.22045e-16 0
0 -1.11022e-16 0
0 1.22125e-15 0
0 2.22045e-16 0
0 7.77156e-16 0
0 0 0
0 7.77156e-16 0
0 -1.11022e-16 0
0 1.90398 0
0 -1.11022e-16 0
0 1.90398 0
0 -1.11022e-16 0
0 2.33147e-15 0
0 -1.11022e-16 0
0 1.11022e-15 0
0 0 0
0 8.88178e-16 0
0 0 0
0 2.44249e-15 0
0 -2.22045e-16 0
0 -2.10942e-15 0
0 0 0
0 -2.22045e-15 0
0 0 0
0 1.90398 0
0 0 0
0 -2.22045e-15 0
0 0 0
0 -2.22045e-15 0
0 1.11022e-16 0
0 1.90398 0
0 0 0
0 2.10942e-15 0
0 0 0
0 2.10942e-15 0
0 -2.22045e-16 0
0 -2.55351e-15 0
0 0 0
0 -2.77556e-15 0
0 0 0
0 7.77156e-16 0
0 0 0
0 -2.77556e-15 0
0 0 0
0 -2.77556e-15 0
0 -2.22045e-16 0
0 7.77156e-16 0
0 -1.11022e-16 0
0 -1.44329e-15 0
0 0 0
0 -1.44329e-15 0
0 0 0
0 1.44329e-15 0
0 0 0
0 -7.77156e-16 0
0 0 0
0 -5.55112e-16 0
0 0 0
0 0 0
0 0 0
0 -5.55112e-16 0
0 0 0
0 -5.55112e-16 0
0 1.11022e-16 0
0 0 0
0 1.11022e-16 0
0 -1.44329e-15 0
0 0 0
0 -1.44329e-15 0
0 0 0
0 1.11022e-15 0
0 0 0
0 -5.55112e-16 0
0 0 0
0 -5.55112e-16 0
0 0 0
0 1.11022e-16 0
0 0 0
0 -5.55112e-16 0
0 -1.11022e-16 0
0 0 0
0 0 0
0 8.88178e-16 0
0 0 0
0 1.11022e-15 0
0 0 0
0 2.33147e-15 0
0 0 0
0 -2.22045e-15 0
0 0 0
0 -2.10942e-15 0
0 0 0
0 1.90398 0
0 0 0
0 -2.22045e-15 0
0 -1.11022e-16 0
0 1.90398 0
0 -2.22045e-16 0
0 2.10942e-15 0
0 0 0
0 1.88738e-15 0
0 0 0
0 -2.77556e-15 0
0 0 0
0 -2.55351e-15 0
0 0 0
0 9.99201e-16 0
0 0 0
0 -2.77556e-15 0
0 2.22045e-16 0
0 7.77156e-16 0
0 1.11022e-16 0
0 -1.22125e-15 0
0 -2.22045e-16 0
0 -1.33227e-15 0
0 -2.22045e-16 0
0 1.33227e-15 0
0 0 0
0 -8.88178e-16 0
0 0 0
0 -7.77156e-16 0
0 1.11022e-16 0
0 0 0
0 0 0
0 -7.77156e-16 0
0 -1.11022e-16 0
0 -7.77156e-16 0
0 -2.22045e-16 0
0 2.22045e-16 0
0 0 0
0 8.88178e-16 0
0 -1.11022e-16 0
0 9.99201e-16 0
0 0 0
0 2.22045e-15 0
0 0 0
0 -1.88738e-15 0
0 1.11022e-16 0
0 -2.10942e-15 0
0 -2.22045e-16 0
0 1.90398 0
0 2.22045e-16 0
0 -2.10942e-15 0
0 0 0
0 -2.10942e-15 0
0 -1.11022e-16 0
0 1.90398 0
0 0 0
0 2.22045e-15 0
0 0 0
0 1.88738e-15 0
0 0 0
0 -2.44249e-15 0
0 0 0
0 -2.55351e-15 0
0 0 0
0 8.88178e-16 0
0 2.22045e-16 0
0 -2.55351e-15 0
0 0 0
0 -2.55351e-15 0
0 0 0
0 7.77156e-16 0
0 0 0
0 2.10942e-15 0
0 0 0
0 2.10942e-15 0
0 1.11022e-16 0
0 1.11022e-15 0
0 1.11022e-16 0
0 1.11022e-15 0
0 0 0
0 2.33147e-15 0
0 1.11022e-16 0
0 -1.44329e-15 0
0 -1.11022e-16 0
0 -1.44329e-15 0
0 -1.11022e-16 0
0 1.22125e-15 0
0 2.22045e-16 0
0 2.10942e-15 0
0 0 0
0 8.88178e-16 0
0 0 0
0 2.44249e-15 0
0 -1.11022e-16 0
0 -1.44329e-15 0
0 -1.11022e-16 0
0 1.44329e-15 0
0 -1.11022e-16 0
0 -1.44329e-15 0
0 1.11022e-16 0
0 -1.44329e-15 0
0 1.11022e-16 0
0 1.44329e-15 0
0 2.22045e-16 0
0 2.10942e-15 0
0 -2.22045e-16 0
0 2.10942e-15 0
0 0 0
0 8.88178e-16 0
0 0 0
0 8.88178e-16 0
0 0 0
0 2.44249e-15 0
0 0 0
0 -3.10862e-15 0
0 1.11022e-16 0
0 -3.10862e-15 0
0 -1.11022e-16 0
0 2.44249e-15 0
0 0 0
0 1.90398 0
0 2.22045e-16 0
0 1.90398 0
0 -1.11022e-16 0
0 8.88178e-16 0
0 0 0
0 1.90398 0
0 0 0
0 1.90398 0
0 0 0
0 1.11022e-15 0
0 -2.22045e-16 0
0 9.99201e-16 0
0 1.11022e-16 0
0 9.99201e-16 0
0 1.11022e-16 0
0 0 0
0 0 0
0 0 0
0 0 0
0 2.10942e-15 0
0 -1.11022e-16 0
0 0 0
0 0 0
0 0 0
0 0 0
0 1.88738e-15 0
0 2.22045e-16 0
0 0 0
0 -2.22045e-16 0
0 0 0
0 -1.11022e-16 0
0 1.44329e-15 0
0 2.22045e-16 0
0 4.44089e-16 0
0 -2.22045e-16 0
0 4.44089e-16 0
0 -1.11022e-16 0
0 -1.44329e-15 0
0 -2.22045e-16 0
0 4.44089e-16 0
0 0 0
0 4.44089e-16 0
0 0 0
0 -1.44329e-15 0
0 -2.22045e-16 0
0 0 0
0 0 0
0 0 0
0 0 0
0 1.11022e-15 0
0 -2.22045e-16 0
0 4.44089e-16 0
0 0 0
0 4.44089e-16 0
0 0 0
0 -1.44329e-15 0
0 2.22045e-16 0
0 4.44089e-16 0
0 1.11022e-16 0
0 -1.44329e-15 0
0 0 0
0 -3.10862e-15 0
0 0 0
0 -2.9976e-15 0
0 0 0
0 2.33147e-15 0
0 0 0
0 1.90398 0
0 0 0
0 1.90398 0
0 0 0
0 1.11022e-15 0
0 0 0
0 1.90398 0
0 0 0
0 8.88178e-16 0
0 2.22045e-16 0
0 9.99201e-16 0
0 0 0
0 1.33227e-15 0
0 -1.11022e-16 0
0 0 0
0 0 0
0 0 0
0 0 0
0 1.88738e-15 0
0 1.11022e-16 0
0 0 0
0 -2.22045e-16 0
0 2.10942e-15 0
0 -2.22045e-16 0
0 0 0
0 0 0
0 0 0
0 0 0
0 8.88178e-16 0
0 0 0
0 5.55112e-16 0
0 2.22045e-16 0
0 3.33067e-16 0
0 0 0
0 -1.22125e-15 0
0 2.22045e-16 0
0 5.55112e-16 0
0 0 0
0 4.44089e-16 0
0 0 0
0 -1.44329e-15 0
0 0 0
0 -3.10862e-15 0
0 -1.11022e-16 0
0 -3.10862e-15 0
0 1.11022e-16 0
0 2.22045e-15 0
0 0 0
0 1.90398 0
0 -2.22045e-16 0
0 1.90398 0
0 2.22045e-16 0
0 8.88178e-16 0
0 -2.22045e-16 0
0 1.90398 0
0 0 0
0 1.90398 0
0 0 0
0 8.88178e-16 0
0 0 0
0 9.99201e-16 0
0 -1.11022e-16 0
0 1.11022e-15 0
0 1.11022e-16 0
0 0 0
0 1.11022e-16 0
0 0 0
0 0 0
0 2.22045e-15 0
0 0 0
0 0 0
0 0 0
0 0 0
0 0 0
0 2.10942e-15 0
0 0 0
0 -1.33227e-15 0
0 0 0
0 -1.22125e-15 0
0 0 0
0 6.66134e-16 0
0 2.22045e-16 0
0 6.66134e-16 0
0 0 0
0 8.88178e-16 0
0 2.22045e-16 0
0 -2.44249e-15 0
0 -2.22045e-16 0
0 6.66134e-16 0
0 0 0
0 5.55112e-16 0
0 0 0
0 -2.77556e-15 0
0 0 0
0 -1.22125e-15 0
0 0 0
0 8.88178e-16 0
0 0 0
0 8.88178e-16 0
0 0 0
0 8.88178e-16 0
0 0 0
0 -2.55351e-15 0
0 0 0
0 1.11022e-15 0
0 -1.11022e-16 0
0 0 0
0 -1.11022e-16 0
0 0 0
0 -2.22045e-16 0
0 0 0
0 0 0
0 2.10942e-15 0
0 0 0
0 -1.11022e-15 0
0 -1.11022e-16 0
0 -8.88178e-16 0
0 0 0
0 1.90398 0
0 2.22045e-16 0
0 1.22125e-15 0
0 1.11022e-16 0
0 8.88178e-16 0
0 2.22045e-16 0
0 -1.88738e-15 0
0 -1.11022e-16 0
0 1.22125e-15 0
0 0 0
0 9.99201e-16 0
0 0 0
0 -2.22045e-15 0
0 -1.11022e-16 0
0 -9.99201e-16 0
0 -1.11022e-16 0
0 9.99201e-16 0
0 -1.11022e-16 0
0 8.88178e-16 0
0 -2.22045e-16 0
0 1.22125e-15 0
0 1.11022e-16 0
0 -2.10942e-15 0
0 0 0
0 -3.33067e-15 0
0 -1.11022e-16 0
0 1.90398 0
0 0 0
0 1.90398 0
0 -1.11022e-16 0
0 1.90398 0
0 -1.11022e-16 0
0 9.99201e-16 0
0 0 0
0 5.55112e-16 0
0 0 0
0 6.66134e-16 0
0 -2.22045e-16 0
0 0 0
0 -1.11022e-16 0
0 -8.88178e-16 0
0 0 0
0 -5.55112e-16 0
0 0 0
0 3.33067e-16 0
0 0 0
0 -5.55112e-16 0
0 0 0
0 0 0
0 0 0
0 5.55112e-16 0
0 0 0
0 3.33067e-16 0
0 0 0
0 3.33067e-16 0
0 -1.11022e-16 0
0 -1.22125e-15 0
0 2.22045e-16 0
0 -1.11022e-15 0
0 0 0
0 -1.33227e-15 0
0 0 0
0 9.99201e-16 0
0 2.22045e-16 0
0 5.55112e-16 0
0 0 0
0 8.88178e-16 0
0 0 0
0 -2.55351e-15 0
0 -2.22045e-16 0
0 5.55112e-16 0
0 0 0
0 -2.77556e-15 0
0 0 0
0 -1.33227e-15 0
0 -2.22045e-16 0
0 -1.11022e-15 0
0 -2.22045e-16 0
0 7.77156e-16 0
0 0 0
0 8.88178e-16 0
0 -2.22045e-16 0
0 5.55112e-16 0
0 0 0
0 -2.77556e-15 0
0 -2.22045e-16 0
0 5.55112e-16 0
0 2.22045e-16 0
0 5.55112e-16 0
0 0 0
0 -2.77556e-15 0
0 0 0
0 1.33227e-15 0
0 -2.22045e-16 0
0 9.99201e-16 0
0 0 0
0 0 0
0 1.11022e-16 0
0 0 0
0 -2.22045e-16 0
0 2.10942e-15 0
0 1.11022e-16 0
0 0 0
0 -1.11022e-16 0
0 0 0
0 2.22045e-16 0
0 2.10942e-15 0
0 1.11022e-16 0
0 -1.11022e-15 0
0 0 0
0 -9.99201e-16 0
0 0 0
0 1.90398 0
0 2.22045e-16 0
0 9.99201e-16 0
0 0 0
0 8.88178e-16 0
0 0 0
0 -2.10942e-15 0
0 -2.22045e-16 0
0 9.99201e-16 0
0 0 0
0 -2.22045e-15 0
0 0 0
0 -9.99201e-16 0
0 -1.11022e-16 0
0 -1.11022e-15 0
0 1.11022e-16 0
0 1.90398 0
0 0 0
0 8.88178e-16 0
0 -2.22045e-16 0
0 9.99201e-16 0
0 0 0
0 -2.22045e-15 0
0 -2.22045e-16 0
0 9.99201e-16 0
0 2.22045e-16 0
0 9.99201e-16 0
0 0 0
0 -2.22045e-15 0
0 0 0
0 -2.9976e-15 0
0 0 0
0 -3.10862e-15 0
0 0 0
0 2.44249e-15 0
0 0 0
0 1.90398 0
0 0 0
0 1.90398 0
0 0 0
0 8.88178e-16 0
0 0 0
0 1.90398 0
0 0 0
0 1.90398 0
0 0 0
0 8.88178e-16 0
0 -1.11022e-16 0
0 6.66134e-16 0
0 0 0
0 6.66134e-16 0
0 0 0
0 1.11022e-16 0
0 0 0
0 -5.55112e-16 0
0 0 0
0 -5.55112e-16 0
0 0 0
0 6.66134e-16 0
0 1.11022e-16 0
0 6.66134e-16 0
0 1.11022e-16 0
0 0 0
0 0 0
0 -5.55112e-16 0
0 0 0
0 -5.55112e-16 0
0 0 0
0 0 0
0 2.22045e-16 0
0 0 0
0 1.11022e-16 0
0 1.44329e-15 0
0 0 0
0 4.44089e-16 0
0 2.22045e-16 0
0 4.44089e-16 0
0 1.11022e-16 0
0 -1.44329e-15 0
0 2.22045e-16 0
0 4.44089e-16 0
0 -2.22045e-16 0
0 4.44089e-16 0
0 -1.11022e-16 0
0 -1.44329e-15 0
0 1.11022e-16 0
0 6.66134e-16 0
0 0 0
0 6.66134e-16 0
0 0 0
0 0 0
0 0 0
0 -5.55112e-16 0
0 0 0
0 -5.55112e-16 0
0 0 0
0 6.66134e-16 0
0 0 0
0 5.55112e-16 0
0 0 0
0 2.22045e-16 0
0 0 0
0 -7.77156e-16 0
0 0 0
0 -7.77156e-16 0
0 0 0
0 0 0
0 -2.22045e-16 0
0 0 0
0 -1.11022e-16 0
0 1.22125e-15 0
0 0 0
0 4.44089e-16 0
0 -2.22045e-16 0
0 5.55112e-16 0
0 -1.11022e-16 0
0 -1.44329e-15 0
0 -2.22045e-16 0
0 5.55112e-16 0
0 2.22045e-16 0
0 5.55112e-16 0
0 1.11022e-16 0
0 -1.44329e-15 0
0 -2.22045e-16 0
0 -1.11022e-15 0
0 0 0
0 -1.11022e-15 0
0 0 0
0 7.77156e-16 0
0 -2.22045e-16 0
0 5.55112e-16 0
0 2.22045e-16 0
0 5.55112e-16 0
0 -2.22045e-16 0
0 -2.77556e-15 0
0 2.22045e-16 0
0 5.55112e-16 0
0 0 0
0 8.88178e-16 0
0 0 0
0 -2.55351e-15 0
0 0 0
0 -1.11022e-15 0
0 0 0
0 -1.33227e-15 0
0 0 0
0 7.77156e-16 0
0 0 0
0 5.55112e-16 0
0 2.22045e-16 0
0 6.66134e-16 0
0 -2.22045e-16 0
0 -2.55351e-15 0
0 2.22045e-16 0
0 6.66134e-16 0
0 -2.22045e-16 0
0 6.66134e-16 0
0 2.22045e-16 0
0 -2.55351e-15 0
0 0 0
0 9.99201e-16 0
0 1.11022e-16 0
0 9.99201e-16 0
0 0 0
0 0 0
0 0 0
0 0 0
0 0 0
0 2.10942e-15 0
0 0 0
0 0 0
0 0 0
0 0 0
0 0 0
0 2.10942e-15 0
0 -1.11022e-16 0
0 -1.11022e-15 0
0 1.11022e-16 0
0 -1.11022e-15 0
0 -1.11022e-16 0
0 1.90398 0
0 -2.22045e-16 0
0 9.99201e-16 0
0 1.11022e-16 0
0 9.99201e-16 0
0 -2.22045e-16 0
0 -2.22045e-15 0
0 2.22045e-16 0
0 9.99201e-16 0
0 0 0
0 8.88178e-16 0
0 0 0
0 -2.10942e-15 0
0 0 0
0 -1.11022e-15 0
0 1.11022e-16 0
0 -1.11022e-15 0
0 -1.11022e-16 0
0 1.90398 0
0 0 0
0 9.99201e-16 0
0 1.11022e-16 0
0 1.22125e-15 0
0 -2.22045e-16 0
0 -2.10942e-15 0
0 1.11022e-16 0
0 1.22125e-15 0
0 -1.11022e-16 0
0 1.22125e-15 0
0 2.22045e-16 0
0 -2.10942e-15 0
0 0 0
0 -3.10862e-15 0
0 1.11022e-16 0
0 -3.10862e-15 0
0 -1.11022e-16 0
0 2.33147e-15 0
0 0 0
0 1.90398 0
0 2.22045e-16 0
0 1.90398 0
0 -1.11022e-16 0
0 1.11022e-15 0
0 2.22045e-16 0
0 1.90398 0
0 -2.22045e-16 0
0 1.90398 0
0 1.11022e-16 0
0 1.11022e-15 0
0 1.11022e-16 0
0 -3.10862e-15 0
0 -1.11022e-16 0
0 -3.10862e-15 0
0 1.11022e-16 0
0 2.33147e-15 0
0 1.11022e-16 0
0 -1.11022e-15 0
0 -1.11022e-16 0
0 -1.11022e-15 0
0 1.11022e-16 0
0 1.90398 0
0 1.11022e-16 0
0 -1.11022e-15 0
0 0 0
0 -9.99201e-16 0
0 0 0
0 1.90398 0
0 1.11022e-16 0
0 9.99201e-16 0
0 -1.11022e-16 0
0 9.99201e-16 0
0 0 0
0 -1.33227e-15 0
0 0 0
0 -1.33227e-15 0
0 0 0
0 7.77156e-16 0
0 2.22045e-16 0
0 -1.11022e-15 0
0 0 0
0 -1.33227e-15 0
0 0 0
0 9.99201e-16 0
0 -2.22045e-16 0
0 0 0
0 2.22045e-16 0
0 0 0
0 1.11022e-16 0
0 1.22125e-15 0
0 0 0
0 5.55112e-16 0
0 0 0
0 5.55112e-16 0
0 0 0
0 2.22045e-16 0
0 -1.11022e-16 0
0 6.66134e-16 0
0 0 0
0 6.66134e-16 0
0 0 0
0 1.11022e-16 0
0 2.22045e-16 0
0 0 0
0 -2.22045e-16 0
0 0 0
0 -1.11022e-16 0
0 1.44329e-15 0
0 1.11022e-16 0
0 6.66134e-16 0
0 -1.11022e-16 0
0 6.66134e-16 0
0 -1.11022e-16 0
0 0 0
0 1.11022e-16 0
0 6.66134e-16 0
0 1.11022e-16 0
0 0 0
0 0 0
0 -3.10862e-15 0
0 0 0
0 -3.10862e-15 0
0 0 0
0 2.44249e-15 0
0 -1.11022e-16 0
0 -1.11022e-15 0
0 1.11022e-16 0
0 -1.11022e-15 0
0 -1.11022e-16 0
0 1.90398 0
0 -1.11022e-16 0
0 -1.11022e-15 0
0 1.11022e-16 0
0 1.90398 0
0 -2.22045e-16 0
0 9.99201e-16 0
0 2.22045e-16 0
0 9.99201e-16 0
0 -2.22045e-16 0
0 -1.11022e-15 0
0 2.22045e-16 0
0 -1.11022e-15 0
0 2.22045e-16 0
0 7.77156e-16 0
0 -2.22045e-16 0
0 -1.11022e-15 0
0 -2.22045e-16 0
0 7.77156e-16 0
0 0 0
0 0 0
0 0 0
0 0 0
0 -1.11022e-16 0
0 1.11022e-15 0
0 0 0
0 6.66134e-16 0
0 0 0
0 4.44089e-16 0
0 3.33067e-16 0
0 0 0
0 0 0
0 5.55112e-16 0
0 0 0
0 6.66134e-16 0
0 0 0
0 0 0
0 0 0
0 -3.10862e-15 0
0 0 0
0 -3.21965e-15 0
0 1.11022e-16 0
0 2.22045e-15 0
0 1.11022e-16 0
0 -8.88178e-16 0
0 0 0
0 -1.22125e-15 0
0 -1.11022e-16 0
0 1.90398 0
0 -1.11022e-16 0
0 -1.11022e-15 0
0 0 0
0 -1.11022e-15 0
0 0 0
0 1.90398 0
0 1.11022e-16 0
0 1.11022e-15 0
0 1.11022e-16 0
0 9.99201e-16 0
0 0 0
0 -1.22125e-15 0
0 0 0
0 -1.22125e-15 0
0 0 0
0 6.66134e-16 0
0 0 0
0 -1.33227e-15 0
0 0 0
0 -1.11022e-15 0
0 0 0
0 7.77156e-16 0
0 -1.11022e-16 0
0 9.99201e-16 0
0 0 0
0 9.99201e-16 0
0 -1.11022e-16 0
0 -3.10862e-15 0
0 0 0
0 -3.10862e-15 0
0 0 0
0 2.44249e-15 0
0 2.22045e-16 0
0 0 0
0 0 0
0 0 0
0 0 0
0 1.44329e-15 0
0 -2.22045e-16 0
0 9.99201e-16 0
0 0 0
0 -3.10862e-15 0
0 0 0
0 2.44249e-15 0
0 2.22045e-16 0
0 0 0
0 1.11022e-16 0
0 1.44329e-15 0
0 -2.22045e-16 0
0 0 0
0 0 0
0 0 0
0 0 0
0 1.11022e-15 0
0 2.22045e-16 0
0 9.99201e-16 0
0 0 0
0 1.33227e-15 0
0 0 0
0 -3.10862e-15 0
0 0 0
0 -2.9976e-15 0
0 0 0
0 2.33147e-15 0
