0.641395 0.645871 -0.235557
0.321377 0.645866 -0.217038
0.321367 0.312458 -0.217052
0.6414 0.312452 -0.235566
0.778065 0.312478 -0.142077
0.778203 0.1458 -0.142208
0.479222 0.312441 -0.264851
0.479208 0.145732 -0.265033
0.641494 0.14575 -0.235745
0.192706 0.312484 -0.112431
0.192582 0.145812 -0.112539
0.321251 0.145761 -0.217225
0.77817 0.812532 -0.142186
0.479213 0.812595 -0.264971
0.641465 0.812577 -0.235696
0.19261 0.812521 -0.112523
0.321285 0.812568 -0.217182
0.192722 0.645847 -0.112414
0.192739 0.479165 -0.112395
0.321384 0.479162 -0.217029
0.778049 0.645851 -0.142058
0.778031 0.479164 -0.142038
0.479223 0.645879 -0.264848
0.479223 0.47916 -0.264864
0.641391 0.479162 -0.235556
0.562029 0.479161 -0.259844
0.562028 0.395802 -0.259835
0.641392 0.395807 -0.235554
0.3976 0.479161 -0.249971
0.3976 0.395804 -0.249965
0.479223 0.395801 -0.264854
0.397598 0.645875 -0.249964
0.3976 0.562518 -0.249968
0.479223 0.56252 -0.264859
0.834937 0.479165 -0.0812844
0.834944 0.395827 -0.0812915
0.713833 0.479163 -0.1949
0.713837 0.395814 -0.194905
0.778039 0.395821 -0.142046
0.713844 0.645861 -0.194914
0.713834 0.562512 -0.194901
0.778034 0.562508 -0.14204
0.253048 0.479164 -0.169718
0.253041 0.395817 -0.169725
0.321382 0.39581 -0.217031
0.138554 0.479166 -0.049164
0.138549 0.395829 -0.0491687
0.192732 0.395824 -0.112404
0.138544 0.645839 -0.0491739
0.138553 0.562503 -0.0491653
0.192737 0.562506 -0.112398
0.252913 0.812544 -0.169877
0.252993 0.729201 -0.169786
0.32135 0.729219 -0.21708
0.138484 0.812505 -0.0492255
0.138521 0.729174 -0.0491949
0.192682 0.729186 -0.112457
0.138477 0.895836 -0.0492169
0.192592 0.895856 -0.112507
0.562058 0.812592 -0.259959
0.562035 0.729237 -0.259854
0.641414 0.729226 -0.235592
0.397548 0.812586 -0.250097
0.397586 0.729232 -0.249992
0.479221 0.729239 -0.264867
0.397524 0.895931 -0.250124
0.479208 0.89594 -0.265011
0.835043 0.812512 -0.0813826
0.834986 0.729179 -0.0813337
0.713952 0.812556 -0.195058
0.713878 0.72921 -0.194961
0.778092 0.729193 -0.142106
0.713983 0.895897 -0.195054
0.778192 0.895868 -0.14217
0.252877 0.145787 -0.169906
0.25301 0.0624452 -0.169664
0.321359 0.062417 -0.216942
0.138471 0.14583 -0.0492317
0.138532 0.0624947 -0.0491558
0.192699 0.0624738 -0.112369
0.138535 0.312493 -0.0491828
0.138504 0.22916 -0.0492101
0.192648 0.229146 -0.112489
0.562072 0.145735 -0.260018
0.562034 0.0623899 -0.25972
0.641407 0.0624056 -0.235453
0.397525 0.145741 -0.250152
0.397587 0.062396 -0.249856
0.47922 0.0623865 -0.264735
0.397594 0.312446 -0.249971
0.39757 0.22909 -0.250036
0.479218 0.229082 -0.264909
0.835065 0.145823 -0.0813939
0.834971 0.0624861 -0.0812692
0.713988 0.145774 -0.195095
0.713863 0.062431 -0.194828
0.778072 0.0624605 -0.141999
0.713857 0.312465 -0.194931
0.713911 0.229117 -0.195006
0.778127 0.229137 -0.142144
0.834966 0.312489 -0.0813136
0.835013 0.229154 -0.0813575
0.56203 0.312443 -0.259835
0.562044 0.229085 -0.259895
0.641435 0.229098 -0.235636
0.253017 0.312471 -0.169756
0.252956 0.229127 -0.169829
0.321322 0.229107 -0.217126
0.835055 0.895844 -0.0813688
0.562075 0.895937 -0.259993
0.641495 0.895921 -0.235712
0.252886 0.895883 -0.169865
0.321254 0.89591 -0.217187
0.253032 0.645856 -0.169736
0.253046 0.56251 -0.16972
0.321383 0.562514 -0.21703
0.834952 0.645843 -0.0812998
0.834939 0.562504 -0.0812863
0.562029 0.645878 -0.259832
0.562028 0.562519 -0.25984
0.641391 0.562516 -0.235555
0.6024 0.562518 -0.249968
0.6024 0.520839 -0.24997
0.641391 0.520839 -0.235556
0.520777 0.56252 -0.264859
0.520777 0.52084 -0.264863
0.562029 0.52084 -0.259843
0.520777 0.645879 -0.264848
0.520777 0.604199 -0.264853
0.562028 0.604198 -0.259835
0.861447 0.562503 -0.0491649
0.861445 0.520834 -0.0491635
0.807262 0.562506 -0.112397
0.80726 0.520835 -0.112394
0.834937 0.520835 -0.0812843
0.807277 0.645846 -0.112413
0.807268 0.604176 -0.112403
0.834943 0.604174 -0.0812911
0.286166 0.562512 -0.194901
0.286167 0.520837 -0.1949
0.321384 0.520838 -0.217029
0.221966 0.562508 -0.142041
0.221968 0.520836 -0.142038
0.253048 0.520837 -0.169718
0.221951 0.645851 -0.142059
0.221961 0.604179 -0.142047
0.253041 0.604183 -0.169725
0.286017 0.895897 -0.195055
0.286011 0.854227 -0.195096
0.321252 0.85424 -0.217225
0.221807 0.895869 -0.142171
0.221796 0.8542 -0.14221
0.252877 0.854214 -0.169906
0.221926 0.93754 -0.142001
0.25301 0.937555 -0.169664
0.602476 0.89593 -0.250124
0.602474 0.854259 -0.250152
0.641495 0.85425 -0.235745
0.520792 0.89594 -0.265011
0.520792 0.854268 -0.265033
0.562072 0.854265 -0.260018
0.52078 0.937614 -0.264735
0.562035 0.93761 -0.25972
0.861523 0.895836 -0.0492165
0.861529 0.85417 -0.0492319
0.807407 0.895855 -0.112506
0.807418 0.854187 -0.112539
0.835065 0.854177 -0.0813943
0.8073 0.937526 -0.112369
0.834972 0.937514 -0.0812695
0.286088 0.229117 -0.195007
0.286047 0.187444 -0.19506
0.321285 0.187433 -0.217183
0.221872 0.229137 -0.142146
0.22183 0.187468 -0.142187
0.252913 0.187456 -0.169877
0.221934 0.312478 -0.142078
0.221908 0.270807 -0.142107
0.252992 0.270799 -0.169786
0.602429 0.22909 -0.250035
0.602451 0.187414 -0.250097
0.641465 0.187423 -0.235696
0.520782 0.229082 -0.264909
0.520786 0.187406 -0.264972
0.562058 0.187409 -0.259959
0.520777 0.312441 -0.264851
0.520779 0.270761 -0.264868
0.562035 0.270763 -0.259854
0.861496 0.22916 -0.0492098
0.861516 0.187495 -0.0492248
0.807351 0.229147 -0.112488
0.807389 0.187479 -0.112522
0.835043 0.187488 -0.081382
0.807294 0.312484 -0.112431
0.807318 0.270815 -0.112456
0.834986 0.270821 -0.081333
0.747043 0.229127 -0.169828
0.747086 0.187456 -0.169876
0.778169 0.187468 -0.142185
0.678677 0.229107 -0.217124
0.678714 0.187433 -0.217181
0.713952 0.187444 -0.195059
0.678632 0.312458 -0.217051
0.678649 0.270782 -0.217079
0.713878 0.27079 -0.194961
0.746989 0.0624455 -0.169662
0.678639 0.0624172 -0.21694
0.678748 0.145761 -0.217224
0.678745 0.10409 -0.217186
0.713982 0.104103 -0.195053
0.861468 0.0624948 -0.0491557
0.8073 0.0624741 -0.112368
0.807418 0.145813 -0.112539
0.807407 0.104145 -0.112506
0.835054 0.104156 -0.0813686
0.437955 0.229085 -0.259896
0.437941 0.187408 -0.259959
0.479213 0.187406 -0.264972
0.358564 0.229097 -0.235637
0.358534 0.187423 -0.235697
0.397548 0.187414 -0.250098
0.358599 0.312452 -0.235567
0.358586 0.270774 -0.235593
0.397586 0.270768 -0.249993
0.437965 0.0623897 -0.25972
0.358591 0.0624054 -0.235454
0.358505 0.14575 -0.235746
0.358504 0.104078 -0.235712
0.397523 0.104069 -0.250124
0.602412 0.0623962 -0.249855
0.520779 0.0623866 -0.264735
0.520791 0.145732 -0.265033
0.520792 0.10406 -0.265011
0.562074 0.104063 -0.259993
0.164987 0.229154 -0.0813581
0.164957 0.187488 -0.0813825
0.19261 0.187479 -0.112523
0.138484 0.187495 -0.0492251
0.138521 0.270826 -0.0491951
0.165029 0.0624859 -0.0812695
0.138478 0.104164 -0.0492162
0.286135 0.0624308 -0.19483
0.221927 0.0624602 -0.142
0.221796 0.1458 -0.14221
0.221807 0.104131 -0.142171
0.252886 0.104117 -0.169865
0.747113 0.895882 -0.169864
0.747122 0.854213 -0.169905
0.778203 0.8542 -0.142209
0.678746 0.89591 -0.217186
0.678748 0.854239 -0.217224
0.713988 0.854226 -0.195095
0.67864 0.937583 -0.216941
0.713864 0.937569 -0.194829
0.747007 0.729201 -0.169786
0.746983 0.687529 -0.169755
0.778066 0.687522 -0.142077
0.67865 0.729218 -0.217079
0.678633 0.687542 -0.217052
0.713857 0.687535 -0.194931
0.678714 0.812567 -0.217181
0.678677 0.770893 -0.217124
0.713911 0.770883 -0.195006
0.861479 0.729174 -0.0491952
0.861465 0.687507 -0.0491826
0.807319 0.729185 -0.112457
0.807294 0.687516 -0.112431
0.834966 0.687511 -0.0813138
0.80739 0.812521 -0.112522
0.807352 0.770854 -0.112489
0.835014 0.770846 -0.0813583
0.437925 0.895937 -0.259993
0.437927 0.854265 -0.260018
0.479208 0.854268 -0.265033
0.358504 0.895922 -0.235712
0.358505 0.854251 -0.235746
0.397525 0.854259 -0.250152
0.358592 0.937595 -0.235454
0.397588 0.937604 -0.249856
0.437964 0.729237 -0.259854
0.437969 0.687558 -0.259835
0.479222 0.687559 -0.26485
0.358586 0.729226 -0.235592
0.358599 0.687549 -0.235567
0.397594 0.687554 -0.249971
0.358534 0.812578 -0.235696
0.358564 0.770903 -0.235636
0.397571 0.77091 -0.250035
0.602414 0.729232 -0.249992
0.602405 0.687554 -0.249971
0.641401 0.687548 -0.235567
0.520779 0.729239 -0.264867
0.520777 0.687559 -0.26485
0.562031 0.687557 -0.259835
0.520786 0.812595 -0.264972
0.520782 0.770918 -0.264908
0.562045 0.770915 -0.259895
0.164945 0.895844 -0.0813697
0.164934 0.854178 -0.081395
0.192581 0.854188 -0.11254
0.13847 0.85417 -0.0492322
0.138532 0.937505 -0.0491564
0.165014 0.729179 -0.0813335
0.165034 0.687511 -0.0813139
0.192706 0.687516 -0.112431
0.138535 0.687507 -0.0491825
0.138504 0.77084 -0.0492102
0.286121 0.72921 -0.194962
0.286143 0.687536 -0.194932
0.321367 0.687542 -0.217052
0.221908 0.729193 -0.142107
0.221934 0.687522 -0.142078
0.253017 0.687529 -0.169756
0.22183 0.812532 -0.142187
0.221872 0.770863 -0.142145
0.252957 0.770873 -0.169829
0.165061 0.562504 -0.0812869
0.165063 0.520835 -0.0812849
0.192739 0.520835 -0.112395
0.138554 0.520834 -0.0491639
0.13855 0.604171 -0.0491684
0.165056 0.395826 -0.081292
0.165047 0.354157 -0.0813006
0.192722 0.354154 -0.112414
0.138544 0.354161 -0.0491742
0.138553 0.437497 -0.0491655
0.286163 0.395814 -0.194905
0.286156 0.354139 -0.194914
0.321377 0.354134 -0.217037
0.221961 0.395821 -0.142047
0.221951 0.354149 -0.142058
0.253033 0.354144 -0.169736
0.221968 0.479164 -0.142038
0.221966 0.437492 -0.142041
0.253046 0.437491 -0.16972
0.746954 0.56251 -0.16972
0.746952 0.520837 -0.169718
0.778032 0.520836 -0.142038
0.678617 0.562514 -0.21703
0.678616 0.520838 -0.21703
0.713833 0.520837 -0.1949
0.678623 0.645866 -0.217037
0.678619 0.60419 -0.217032
0.713838 0.604186 -0.194905
0.746958 0.395818 -0.169725
0.746967 0.354145 -0.169736
0.778049 0.354149 -0.142058
0.678618 0.39581 -0.217031
0.678623 0.354134 -0.217036
0.713844 0.354139 -0.194913
0.678616 0.479162 -0.21703
0.678617 0.437486 -0.21703
0.713834 0.437489 -0.194901
0.86145 0.395829 -0.0491683
0.861456 0.354161 -0.0491738
0.807268 0.395824 -0.112403
0.807278 0.354154 -0.112414
0.834952 0.354158 -0.0813
0.80726 0.479165 -0.112394
0.807262 0.437494 -0.112397
0.834939 0.437496 -0.0812866
0.437971 0.562519 -0.259841
0.437971 0.52084 -0.259844
0.479223 0.52084 -0.264864
0.358609 0.562516 -0.235555
0.358609 0.520839 -0.235556
0.3976 0.520839 -0.249971
0.358605 0.645871 -0.235557
0.358608 0.604193 -0.235555
0.3976 0.604196 -0.249965
0.437972 0.395802 -0.259836
0.437971 0.354122 -0.259832
0.479223 0.354121 -0.264849
0.358608 0.395807 -0.235554
0.358605 0.354129 -0.235557
0.397598 0.354125 -0.249964
0.358609 0.479162 -0.235556
0.358609 0.437484 -0.235555
0.3976 0.437483 -0.249969
0.6024 0.395804 -0.249965
0.602401 0.354125 -0.249963
0.641394 0.354129 -0.235556
0.520777 0.395801 -0.264854
0.520777 0.354121 -0.264849
0.562028 0.354122 -0.259832
0.520777 0.47916 -0.264864
0.520777 0.437481 -0.26486
0.562028 0.437481 -0.259841
0.6024 0.479161 -0.24997
0.6024 0.437483 -0.249968
0.641391 0.437484 -0.235555
0.437971 0.479161 -0.259844
0.437971 0.437481 -0.259841
0.479223 0.437481 -0.26486
0.437971 0.645878 -0.259832
0.437972 0.604198 -0.259835
0.479223 0.604199 -0.264853
0.861445 0.479166 -0.0491636
0.861447 0.437497 -0.0491651
0.746952 0.479164 -0.169718
0.746954 0.437491 -0.16972
0.778034 0.437493 -0.14204
0.746967 0.645856 -0.169736
0.746959 0.604183 -0.169725
0.778039 0.604179 -0.142046
0.286167 0.479163 -0.1949
0.286166 0.437488 -0.194901
0.321384 0.437486 -0.217029
0.165063 0.479165 -0.0812849
0.165061 0.437496 -0.0812871
0.192737 0.437494 -0.112398
0.165048 0.645843 -0.0813003
0.165056 0.604174 -0.0812918
0.192732 0.604176 -0.112403
0.286047 0.812556 -0.19506
0.286089 0.770884 -0.195007
0.321322 0.770894 -0.217125
0.164957 0.812512 -0.0813829
0.164987 0.770846 -0.0813583
0.192648 0.770854 -0.112489
0.165028 0.937514 -0.0812703
0.192699 0.937527 -0.11237
0.602451 0.812586 -0.250097
0.602429 0.77091 -0.250035
0.641435 0.770902 -0.235636
0.437941 0.812592 -0.259958
0.437955 0.770915 -0.259895
0.479218 0.770918 -0.264907
0.437965 0.93761 -0.25972
0.47922 0.937614 -0.264735
0.861516 0.812505 -0.0492253
0.861497 0.77084 -0.0492104
0.747086 0.812544 -0.169876
0.747043 0.770873 -0.169828
0.778128 0.770863 -0.142145
0.746989 0.937555 -0.169663
0.778073 0.93754 -0.141999
0.286011 0.145773 -0.195096
0.286016 0.104103 -0.195055
0.321254 0.10409 -0.217187
0.164935 0.145823 -0.0813943
0.164945 0.104156 -0.0813687
0.192593 0.104145 -0.112507
0.165034 0.312489 -0.0813141
0.165014 0.270821 -0.0813336
0.192681 0.270815 -0.112457
0.602474 0.145741 -0.250152
0.602476 0.10407 -0.250123
0.641495 0.104079 -0.235711
0.437927 0.145735 -0.260018
0.437925 0.104063 -0.259993
0.479207 0.10406 -0.265011
0.437969 0.312443 -0.259836
0.437964 0.270763 -0.259855
0.479221 0.270761 -0.264868
0.861529 0.14583 -0.0492316
0.861522 0.104164 -0.0492162
0.747122 0.145787 -0.169905
0.747113 0.104118 -0.169864
0.778192 0.104132 -0.14217
0.746982 0.312472 -0.169755
0.747007 0.270799 -0.169785
0.778091 0.270807 -0.142106
0.861465 0.312494 -0.0491824
0.861479 0.270827 -0.0491947
0.602405 0.312446 -0.24997
0.602413 0.270768 -0.249991
0.641413 0.270774 -0.235591
0.286143 0.312465 -0.194932
0.286121 0.27079 -0.194962
0.321349 0.270782 -0.21708
0.861468 0.937505 -0.0491561
0.602412 0.937604 -0.249855
0.641408 0.937594 -0.235454
0.286135 0.93757 -0.19483
0.32136 0.937583 -0.216942
0.286155 0.645861 -0.194914
0.286162 0.604186 -0.194905
0.321381 0.60419 -0.217032
0.861456 0.645839 -0.0491737
0.86145 0.604171 -0.0491681
0.602402 0.645875 -0.249964
0.6024 0.604196 -0.249965
0.641392 0.604193 -0.235554
2.57337e-07 0.00167939 4.51496e-06
-0.000145362 0.580603 0.00146867
3.85101e-06 -0.00152361 -3.82934e-06
-0.00102238 0.442159 0.00108351
-5.68316e-06 0.00308357 6.42929e-06
-0.000779418 0.441155 0.000899985
3.23882e-07 -0.00344311 -7.81116e-06
-0.000180134 0.582093 0.00128444
-4.43111e-06 0.00336492 3.30696e-06
-0.000360349 0.232538 0.00017728
-5.47867e-06 0.00479 5.72542e-06
-0.000305649 0.237177 0.000249926
3.1717e-06 -0.000591601 -1.99254e-06
-0.00382706 0.68286 0.00248481
6.46018e-05 -0.0110692 -4.06017e-05
-0.00397126 0.670019 0.00244089
7.81809e-07 -0.014667 -3.27474e-05
-6.35477e-05 0.577226 0.00127581
-7.61667e-06 -0.00413457 2.73025e-06
0.000410201 0.21421 -0.000156122
-5.70328e-06 -0.00190828 3.62065e-06
0.000590883 0.227441 -0.000342565
-1.1046e-05 0.00467377 1.05229e-05
-0.000987068 0.424064 0.000948251
1.50858e-05 -0.00562424 4.45114e-06
-0.000623913 0.22975 -0.000192661
-2.44744e-05 0.00391261 1.41456e-05
-0.00425736 0.677259 0.00256837
-1.05534e-06 0.00666265 1.7383e-05
-7.4478e-05 0.582604 0.00152681
7.68604e-06 0.00231294 -4.66524e-06
0.000638876 0.221297 -0.00035767
4.71339e-06 -0.0023125 -5.38243e-06
-0.000987783 0.430226 0.00107107
6.82728e-06 0.00229595 -4.08605e-06
0.000568767 0.213867 -0.00030764
-9.87922e-07 -0.000239979 7.18457e-07
0.000489287 0.213123 -0.000228621
-4.97542e-07 0.00022505 5.29386e-07
-0.000785467 0.443001 0.000923052
6.8341e-06 -0.00220384 2.4354e-06
-0.000471994 0.233036 -1.47525e-05
8.15047e-07 0.000269788 1.31902e-06
-0.000302595 0.23411 0.000198192
-7.67168e-06 0.00129565 4.82547e-06
-0.00408275 0.683534 0.0025432
2.20107e-07 -5.44413e-05 -1.76989e-07
-0.00378429 0.683427 0.00247922
-4.99325e-07 -2.63433e-05 -2.82494e-07
-0.000215517 0.579954 0.00130582
5.45813e-07 -0.000162779 2.36609e-07
0.00364008 0.219379 0.00105008
-1.33417e-06 -0.000349413 -7.82557e-07
0.00359778 0.219736 0.00105327
-2.67688e-07 -0.00100768 -2.46725e-06
-0.00014243 0.580767 0.00129584
-6.5756e-07 3.81565e-05 2.84091e-07
0.00255087 0.353899 -0.000204068
3.45113e-06 0.000641207 1.16785e-07
0.00237302 0.354046 -0.000156867
1.48005e-06 -0.000290016 -8.95884e-07
-0.00373657 0.683436 0.00247253
-1.56208e-06 -0.000114616 5.36818e-07
0.00320255 0.354361 -0.000324889
1.63973e-06 0.000320004 1.78467e-07
0.00285604 0.353723 -0.000265424
-3.96662e-06 0.000680562 2.49174e-06
-0.00389169 0.683522 0.00249356
5.24052e-06 0.000236211 6.92323e-06
0.00250502 0.166383 0.00339197
1.00928e-05 0.000581433 1.32237e-05
0.00249362 0.166187 0.0033842
2.76939e-07 6.3799e-05 2.76507e-07
-0.000298044 0.352081 0.000509715
-1.62198e-07 -0.000200674 -5.15873e-07
-0.000282162 0.351187 0.000511313
-1.04017e-07 0.0012944 2.66924e-06
-0.000349278 0.233526 0.000172151
-1.31942e-06 0.000328806 -2.05537e-07
-8.04703e-05 0.349851 0.000688801
-3.67167e-07 0.000425027 6.11748e-07
-0.000176423 0.35182 0.00060255
3.46278e-06 -0.000528327 2.24608e-06
-0.000395526 0.233925 8.1596e-05
-2.89137e-07 -5.40855e-05 1.84625e-07
-0.000121686 0.267751 0.000413854
3.03168e-07 -0.000821885 -1.15157e-06
1.17886e-05 0.266796 0.000292968
-1.56578e-06 0.00111419 2.08793e-06
-0.00066674 0.442564 0.000846969
2.94892e-06 -0.000269563 -4.54538e-06
-0.00158129 0.105313 0.00178138
-6.05185e-06 -0.00216903 1.08971e-05
0.000399039 0.105331 -0.000695556
-4.2817e-06 -0.001705 2.26919e-06
0.000439254 0.213257 -0.000176375
-0.000148681 0.00267866 0.000178593
-0.00589695 0.105367 0.00715639
-4.75546e-05 0.00115623 5.70787e-05
-0.00360187 0.105232 0.00429953
2.06302e-06 0.00098637 -6.83956e-07
0.000521302 0.213166 -0.000261452
-1.80042e-05 0.00718254 2.14958e-05
-0.000688215 0.255317 0.000802768
-7.62833e-06 0.00331664 9.65822e-06
-0.000593715 0.262378 0.000753635
5.97025e-06 -0.00267356 -6.50746e-06
-0.00104397 0.439056 0.00110764
9.71508e-05 -0.00750364 -0.000106156
-0.00119117 0.0994219 0.00130241
-7.28404e-05 0.00135795 8.51219e-05
-0.00599256 0.106102 0.00726275
5.62226e-06 0.0035471 -7.37231e-07
0.000586555 0.216736 -0.000300062
-0.000142153 -0.0168507 0.000173344
0.000665305 0.0729889 -0.000809948
-1.01296e-05 -0.00260972 7.09107e-06
0.000828086 0.229226 -0.000544342
-9.77793e-05 -0.00649894 -2.81065e-05
0.00345907 0.232035 0.000989436
-4.51202e-06 -0.000195111 -9.58119e-07
0.00350364 0.223377 0.000993891
-3.66545e-07 0.00373795 9.98734e-06
-0.000132193 0.581342 0.00151118
-7.62855e-05 -0.00857284 7.29843e-06
0.00329785 0.369343 -0.000311531
-1.26429e-05 -0.00128987 1.34665e-06
0.00332633 0.358118 -0.000333971
-1.53358e-05 0.00250578 9.22684e-06
-0.00424196 0.682662 0.00259179
-0.000340753 -0.0392679 3.12697e-05
0.00343158 0.39525 -0.000315134
-8.54941e-05 0.0125747 4.80148e-05
-0.00445469 0.655525 0.00250483
5.62054e-05 0.00376255 7.44931e-05
0.00249454 0.17116 0.00334507
-7.5732e-06 -0.000639667 -9.7309e-06
0.00253967 0.165587 0.00338781
-2.97119e-06 -0.00585646 -1.48396e-05
0.00014406 0.333693 0.00083083
-4.00875e-07 -0.00104424 -2.61622e-06
5.27178e-05 0.344245 0.000782944
1.11982e-05 -0.0045349 2.533e-06
-0.000573079 0.231481 -0.000128566
-4.22108e-06 -0.0143453 -3.50464e-05
8.99141e-05 0.324717 0.000784548
9.01864e-06 -0.00416404 1.82614e-06
-0.000581245 0.232201 -0.00017007
-8.51343e-06 -0.00434669 2.45963e-06
0.000498405 0.261054 -0.000129666
-1.54013e-05 -0.00923207 2.81828e-06
0.000444624 0.271227 -7.82298e-05
1.96194e-05 -0.00868765 -1.89235e-05
-0.000861491 0.397997 0.000792186
-0.00177196 0.0139409 0.0021967
-0.0120492 0.0951515 0.0149383
-0.00549477 0.0279779 0.00695469
-0.0135244 0.068924 0.0171147
3.52135e-05 0.0111605 -2.44162e-05
0.000769327 0.248587 -0.000533475
-8.9233e-05 -0.00445719 0.00012103
0.00205431 0.105262 -0.00277797
9.4418e-06 -0.000950823 -4.85422e-06
-0.000791512 0.103541 0.000774092
-1.40815e-05 -0.00654251 6.76563e-06
0.000455637 0.2181 -0.000206665
0.000178592 0.0112163 5.03786e-05
0.00379985 0.23758 0.00107003
0.000578146 0.0426424 0.000147837
0.00393004 0.289451 0.00100538
-7.37886e-07 0.0123932 2.67985e-05
-4.32188e-05 0.533538 0.00114656
7.09598e-05 0.0107659 -5.84941e-06
0.00249297 0.37225 -0.000223831
0.000497523 0.0747706 -6.22673e-05
0.00278033 0.417549 -0.000351079
0.000117229 -0.0167346 -5.90402e-05
-0.00437157 0.625106 0.00227315
1.52448e-05 0.00232875 -1.18747e-06
0.00241516 0.355171 -0.000176622
3.15705e-05 0.0046265 -2.43762e-06
0.00246907 0.359044 -0.000204535
2.34601e-05 -0.0041224 -1.55804e-05
-0.00390892 0.680228 0.00248547
-4.35826e-05 -0.00318117 -6.37693e-05
0.00235755 0.177822 0.00331844
-0.000342759 -0.0280536 -0.00049999
0.00234208 0.192066 0.00342076
-2.15565e-06 0.00216995 1.90075e-06
-0.000372887 0.332988 0.000311475
-4.41019e-05 0.0249103 1.26536e-05
-0.000566372 0.324144 0.00016312
-6.00654e-07 0.000482174 9.55413e-07
-0.000238118 0.253551 0.000341285
1.96352e-07 -0.000323022 -3.8907e-07
-0.000193781 0.348404 0.000539839
3.46496e-07 -0.00086666 -1.29246e-06
-0.000203528 0.34246 0.00047978
-8.69875e-06 0.0061935 5.9214e-06
-0.000362844 0.23233 0.000186515
1.21892e-05 0.000482837 1.5323e-05
0.00259791 0.165807 0.00351346
2.32144e-05 0.00161102 3.1702e-05
0.00255196 0.167993 0.00347999
5.28555e-06 0.000350085 1.84405e-06
0.00366912 0.221217 0.0010657
2.45843e-05 0.00150823 7.08491e-06
0.00377648 0.225 0.00108386
3.40053e-06 -0.00975602 -2.13164e-05
-0.000208088 0.583419 0.00127203
-2.06902e-07 -0.00256679 -2.61121e-06
0.000197757 0.264298 0.000117733
-7.24402e-06 -0.00475496 1.1115e-06
0.000396042 0.260805 -5.88237e-05
-1.28543e-05 0.00587307 1.31907e-05
-0.000967244 0.436448 0.000987903
6.70335e-05 0.0169409 0.000122735
0.0006951 0.187059 0.0012953
-0.00044647 -0.0331425 -0.000123846
0.00341093 0.25382 0.000948526
-2.95436e-07 0.0118583 3.13316e-05
3.09199e-05 0.576474 0.00153216
-4.73265e-05 0.0137716 5.15593e-05
-0.000882226 0.25272 0.000955918
-1.12151e-05 0.00492983 1.21401e-05
-0.000843821 0.413449 0.000956021
-2.32883e-06 0.00129976 3.20331e-06
-0.000495204 0.266092 0.000688807
5.37654e-07 0.000386022 -2.40116e-08
-0.000303006 0.267552 0.000548825
1.15369e-06 -0.000512718 -1.23966e-06
-0.000956991 0.442932 0.00103604
-1.46735e-05 -0.00128007 -2.06909e-05
0.0026074 0.165902 0.00348491
-5.1326e-06 -0.000401266 -6.93834e-06
0.00260772 0.166342 0.00349568
6.78501e-06 0.000563378 1.8881e-06
0.00351641 0.220407 0.00100184
1.21667e-05 0.000764015 3.57623e-06
0.0035699 0.219495 0.00102482
-1.19263e-06 0.000877476 1.72534e-06
-0.000216995 0.580123 0.0013751
1.64208e-06 -0.000345427 -2.41899e-07
-0.00285393 0.35372 -0.000264237
-1.14261e-06 2.70637e-05 -6.2394e-07
0.0025716 0.353896 0.000215813
-4.44466e-07 -3.84521e-05 -1.0529e-07
0.000224794 0.579958 -0.00131638
-4.03604e-06 -0.000684963 -2.52006e-06
0.0038986 0.683515 0.00250163
3.90887e-07 -7.11854e-05 2.48216e-07
-0.00377763 0.683417 -0.00246735
4.14232e-06 0.000136169 1.26089e-06
-0.00361958 0.21941 -0.00104896
-7.70729e-06 -0.00128532 -4.81122e-06
0.00407927 0.683567 0.00254427
1.38988e-06 -0.000307997 1.00766e-06
-0.00372311 0.683456 -0.00247232
-5.87998e-07 0.000380743 -2.60225e-07
-0.00361015 0.219746 -0.00105521
-4.2289e-05 -0.00118182 -5.08172e-05
0.00357417 0.105269 0.0042701
5.2394e-06 -0.000283672 6.64323e-06
-0.00157279 0.105382 -0.00177684
2.16191e-06 -0.00100163 8.35734e-07
-0.000530585 0.213174 -0.000261249
-1.18042e-06 -0.000242903 -9.57484e-07
0.000503034 0.213146 0.00023829
6.10526e-06 -0.000227693 7.83624e-06
-0.00248783 0.166386 -0.00337491
5.83192e-06 -0.0023251 2.83577e-06
-0.000588067 0.213895 -0.00031815
-3.70199e-06 -0.001708 -1.54125e-06
0.000451947 0.213261 0.000189275
9.66963e-06 -0.00058783 1.23604e-05
-0.00247401 0.166203 -0.00337116
-1.34274e-07 -0.000431956 -8.21994e-07
0.000163 0.351808 0.000609918
-2.06334e-08 7.87486e-05 -9.02429e-08
-0.000295948 0.352094 -0.000505613
-4.52126e-07 -0.000228163 5.05935e-07
0.00077341 0.443013 -0.000916055
2.59195e-06 0.000518571 -1.45558e-06
0.000359969 0.233924 0.000106505
6.09796e-07 0.000268822 -1.14476e-06
-0.000327666 0.234113 -0.000175545
2.33132e-07 2.80358e-05 -2.32153e-07
7.75625e-05 0.267752 -0.000379678
5.75612e-06 0.00219542 -1.45092e-06
0.00044152 0.23305 1.04033e-05
-5.37416e-07 0.00129755 -2.3371e-06
-0.000356218 0.233529 -0.000176567
-3.09285e-07 0.000824858 -6.28267e-07
-4.86493e-05 0.266817 -0.000262265
-4.49444e-06 0.0143171 3.52299e-05
-0.000106827 0.324724 0.000799451
-2.47861e-06 0.00214733 -1.87449e-06
-0.000411629 0.332977 -0.00031527
-1.05389e-05 -0.00467359 1.01915e-05
0.000979507 0.424036 -0.000937981
8.87152e-06 0.00414981 -1.83241e-06
0.000572825 0.232179 -0.000167802
-5.09688e-06 0.00476271 -6.51404e-06
-0.00031752 0.237183 -0.000267446
-8.78885e-06 0.00435393 2.74163e-06
-0.000519002 0.261072 0.00014662
-1.3304e-08 0.000494634 -1.51622e-06
-0.000250385 0.253516 -0.000349678
-1.72748e-05 0.00921383 3.19672e-06
-0.000511063 0.271205 9.81738e-05
-0.0003387 0.039274 -3.04484e-05
-0.00341549 0.395209 -0.000311288
7.16657e-05 0.0107636 5.54047e-06
0.00251924 0.372187 0.000229258
2.45769e-06 0.014742 -3.28573e-05
8.84102e-05 0.577259 -0.00129129
-8.54328e-05 -0.012546 -4.84546e-05
0.00446018 0.655648 0.00252406
6.5904e-05 -0.0110237 4.09009e-05
-0.00399504 0.670191 -0.00244411
0.000180929 -0.0112546 5.07044e-05
-0.00382775 0.237441 -0.00108022
0.000117445 -0.0167971 6.24529e-05
-0.00438252 0.625242 -0.00230783
0.000580763 -0.0426189 0.000149906
-0.0039429 0.289302 -0.00101863
-0.000153434 0.0168693 -0.000186166
-0.000721648 0.0730566 -0.00087418
-0.00176998 0.0139678 -0.00219473
-0.0120452 0.0952359 -0.0149321
-8.28585e-06 0.00264225 -5.00829e-06
-0.000828664 0.229231 -0.000534823
-4.00015e-06 -0.00189554 -1.88541e-06
0.000581255 0.227465 0.000333777
-4.31066e-05 0.00315675 -6.11993e-05
-0.00234946 0.177802 -0.00331769
3.42913e-05 0.011145 2.25181e-05
0.000777472 0.248537 0.000517195
-0.000342926 0.0278945 -0.000503154
-0.00235407 0.192061 -0.00345854
1.08118e-07 0.000889223 1.49385e-06
0.000206844 0.342418 0.000480634
-2.66621e-06 -0.00581228 1.4619e-05
0.000116578 0.333695 -0.000812277
4.39349e-06 0.00234782 -5.27916e-06
0.000995628 0.430233 -0.00108064
-8.868e-06 -0.00618847 -5.83027e-06
0.000357182 0.232305 0.00019605
1.39173e-05 -0.00559231 -3.4089e-06
-0.000623396 0.229747 0.000190091
-1.75427e-05 -0.00718486 2.13693e-05
0.000661613 0.255341 -0.000790751
-4.38574e-06 -0.00337231 -3.45123e-06
0.000352078 0.232533 0.000190289
1.30149e-05 -0.00451444 -4.23586e-06
-0.000601089 0.231488 0.000154369
-7.24529e-06 -0.00332794 9.41493e-06
0.000574023 0.262389 -0.000741424
3.20707e-05 -0.00459971 2.72499e-06
-0.00245094 0.359043 -0.000206687
-7.7282e-05 -0.00860874 -7.34999e-06
0.00331871 0.369379 0.000300124
-8.54233e-07 -0.00660463 1.75816e-05
7.81072e-05 0.58252 -0.00154838
2.36834e-05 0.00412567 1.55604e-05
0.00388532 0.680233 0.00247733
-2.38023e-05 0.00390823 -1.4376e-05
-0.00422864 0.67723 -0.00258204
-9.75527e-05 0.00654121 -2.85211e-05
-0.00341977 0.232095 -0.000986048
3.63666e-06 0.000623312 3.03631e-06
0.00379417 0.682851 0.00248047
-1.5308e-05 0.00252088 -9.31698e-06
-0.00420791 0.682652 -0.00257678
-1.62043e-06 0.000128067 -4.26203e-07
-0.00347404 0.22337 -0.000986757
6.80791e-06 0.000890423 4.74259e-06
0.000816185 0.103564 0.000806312
9.3381e-05 -0.0075002 0.000100506
-0.0011841 0.0992738 -0.00130257
-1.35264e-05 0.00654179 -6.14819e-06
-0.000460764 0.218118 -0.000211248
5.95628e-06 0.00235879 2.59372e-06
0.000655629 0.221343 0.000352804
5.61306e-05 -0.00377701 7.40847e-05
-0.00250288 0.1712 -0.00336099
-7.62607e-06 0.0041061 -2.71572e-06
-0.000424701 0.214193 -0.000169225
7.13696e-06 0.00354766 2.1193e-06
0.000600894 0.216767 0.000306926
-5.74655e-06 0.000583431 -7.86236e-06
-0.00252934 0.165586 -0.00338172
-7.25804e-06 0.00478094 -1.12554e-06
-0.000399166 0.260848 -6.31171e-05
-1.75015e-05 0.00718519 -2.16432e-05
-0.000664262 0.255369 -0.000806604
1.47807e-05 0.00560155 4.16452e-06
0.000590862 0.229791 0.000151111
-1.24e-05 -0.00582 -1.29286e-05
0.000952827 0.436438 0.000979266
4.27098e-06 -0.00231804 5.3316e-06
-0.000992103 0.430245 -0.0010921
-2.48086e-06 0.00582495 -1.47953e-05
-0.000106147 0.333732 -0.000814288
-5.84127e-06 -0.00307442 -6.49272e-06
0.000780807 0.441167 0.000905037
5.4702e-06 -0.00265277 6.22616e-06
-0.00102335 0.439063 -0.00110434
-1.67039e-06 0.00103689 -3.52891e-06
-3.23616e-05 0.344295 -0.000779086
-1.61897e-05 0.00923702 -3.5031e-06
-0.000471593 0.271226 -0.000101962
1.79031e-05 0.00861799 1.84784e-05
0.000831173 0.398063 0.000778535
-1.03474e-05 -0.00463877 -1.00442e-05
0.000954519 0.424069 0.000926089
-1.1273e-05 0.00492666 -1.23692e-05
-0.000841216 0.413507 -0.000971904
-4.10135e-06 0.0143224 -3.58807e-05
-9.77183e-05 0.324758 -0.000813398
-0.00543935 -0.027761 -0.00688614
0.0134747 0.0687783 0.0170544
3.62541e-05 -0.011216 2.50184e-05
-0.000779561 0.248711 -0.000541162
-5.73986e-06 0.00193089 -3.54454e-06
-0.000585575 0.227489 -0.000336983
-1.01274e-05 -0.00261134 -6.75031e-06
0.000858018 0.229298 0.000556125
6.38408e-05 -0.0171103 0.000121875
-0.000672098 0.187151 -0.00129574
2.69214e-05 -0.00151662 -8.14778e-06
-0.00375823 0.225013 0.00107824
-9.8184e-05 -0.00656242 2.86762e-05
0.00344961 0.232089 -0.000989544
-2.45893e-05 -0.00390028 1.46065e-05
0.00426772 0.677198 -0.00257191
2.90876e-06 0.00976372 2.1593e-05
0.000174721 0.583419 0.00128891
-9.05214e-07 0.00661133 -1.75209e-05
-8.89322e-05 0.582482 -0.00153926
-7.77815e-05 0.00862932 7.51665e-06
-0.00335447 0.36934 0.000320481
-3.51872e-07 0.00341241 8.0249e-06
0.000153498 0.582099 0.00129659
-1.09512e-06 0.00374734 -9.73752e-06
-0.000145877 0.58132 -0.00151179
-1.31468e-05 0.00134841 1.96451e-06
-0.00336794 0.358151 0.000348603
0.00057349 -0.0425404 -0.000146961
-0.00390203 0.289434 0.0010004
-6.3437e-07 -0.0123054 -2.65481e-05
3.79215e-05 0.533484 0.001152
1.25198e-06 0.0147098 3.28158e-05
6.43094e-05 0.577139 0.00128224
4.19343e-08 0.0118999 -3.2218e-05
3.6995e-05 0.57637 -0.00157261
-0.000341702 0.0392053 2.94132e-05
-0.00344922 0.395192 0.000300964
0.000491285 -0.0748538 6.01785e-05
-0.00274307 0.417537 -0.000341501
0.000115996 0.0167179 6.24885e-05
0.00436525 0.62513 0.00228113
6.61743e-05 0.0111439 4.0623e-05
0.00396689 0.670097 0.0024516
-8.49856e-05 0.0125461 -4.80173e-05
-0.00444008 0.655568 -0.00251156
-0.000439615 0.0330996 -0.000124197
-0.00337469 0.253964 -0.000955015
2.61852e-05 -0.00165434 -3.5476e-05
-0.00255341 0.167988 0.00348261
5.52959e-05 0.00375067 -7.34737e-05
0.00248532 0.171148 -0.00333801
6.61814e-06 -0.00234542 -3.39743e-06
-0.000666272 0.221308 0.000370254
9.14272e-05 0.00746483 -0.000101012
0.0011752 0.0992947 -0.00129276
-7.59419e-05 -0.00136904 8.8083e-05
0.00597151 0.106055 -0.00724476
-0.000342842 0.0279289 0.000499965
-0.00236172 0.192005 0.00344401
-0.000149259 0.0168589 0.000179279
-0.000681647 0.0729651 0.000819006
-4.28464e-05 -0.0248872 -1.3538e-05
0.000554166 0.324165 0.000173448
-7.5647e-07 -0.000496523 -7.9697e-07
0.000210941 0.253524 0.000371078
-4.49181e-06 -0.00477331 -6.43517e-06
0.000280641 0.237161 0.000264706
9.84422e-06 -0.00415754 -2.11518e-06
-0.000634147 0.232196 0.000190856
-4.34397e-05 -0.0137863 4.92423e-05
0.000819134 0.252745 -0.000920593
-4.59173e-05 -0.013779 -5.0779e-05
0.000857231 0.252697 0.000943025
-9.12152e-06 -0.00436385 -3.20476e-06
0.000507346 0.261075 0.000137821
-3.97327e-06 -0.00477108 7.38231e-06
0.000285097 0.237194 -0.000285046
-1.13307e-05 -0.00498475 -1.22593e-05
0.000842013 0.413485 0.00095723
-1.05991e-05 0.00463288 -1.02062e-05
-0.000969596 0.424071 -0.000936961
-1.37999e-06 -0.00216536 2.63533e-06
0.00038393 0.332969 -0.00032286
1.76855e-05 -0.00866833 1.89939e-05
-0.00082264 0.398012 -0.000792383
-4.35944e-05 -0.024893 1.49665e-05
0.000559667 0.32418 -0.00019435
-7.32001e-06 -0.00335129 -9.34815e-06
0.000584889 0.262374 0.00074434
-1.68939e-07 -0.0025731 2.72583e-06
0.000196985 0.264291 -0.000127931
-5.11118e-06 -0.00340962 2.84211e-06
0.00037285 0.232539 -0.000169585
5.55554e-06 0.00264614 6.23373e-06
0.00105223 0.439091 0.00110938
-5.14337e-06 0.00306877 -6.22153e-06
-0.000769721 0.441231 -0.000911818
-1.76519e-07 0.00031924 -8.85158e-07
0.000209308 0.348357 -0.000536808
4.53481e-06 0.00231335 5.21121e-06
0.000973503 0.430297 0.00105468
-1.21074e-05 0.00585224 -1.2661e-05
-0.000957788 0.43651 -0.000993464
7.69439e-07 0.000874596 -9.93127e-07
0.000203752 0.342427 -0.000487629
-7.59045e-05 -0.00136476 -8.78656e-05
0.00597769 0.106106 0.00724176
-9.01074e-05 -0.00445539 -0.000121053
0.00206209 0.105318 0.00278067
7.7859e-06 -0.00356143 2.89222e-06
-0.000593789 0.216753 -0.00030995
-7.3605e-06 -0.00415337 -2.20901e-06
0.000445779 0.214196 0.000180664
1.33773e-05 -0.00055352 1.67668e-05
-0.00259874 0.16584 -0.00351923
5.89533e-06 -0.00234089 2.76242e-06
-0.000660098 0.221324 -0.000373825
-1.42374e-05 -0.00654458 -6.59219e-06
0.000454171 0.218084 0.000195456
2.57293e-05 -0.00166505 3.49321e-05
-0.00255073 0.168035 -0.00348119
-0.000443444 0.0331506 0.0001236
-0.00338737 0.253805 0.000947909
0.000181129 0.0113178 -5.05527e-05
0.00380913 0.237427 -0.00107152
6.55597e-05 0.0110572 -4.15201e-05
0.004035 0.670064 -0.00245457
-1.2803e-07 -0.0118218 -3.14422e-05
-3.30936e-05 0.576388 0.00154427
1.91165e-06 -0.0146986 3.33241e-05
-7.65222e-05 0.57717 -0.00130831
7.26177e-05 -0.010744 -6.21513e-06
-0.00255944 0.372249 0.000238326
-1.35786e-06 0.0123509 -2.67243e-05
-6.77982e-05 0.533483 -0.00115267
0.000499614 -0.0748217 -6.01494e-05
-0.00279173 0.417632 0.000340043
-6.63629e-06 0.000244949 1.64159e-06
-0.00349439 0.223365 0.000989123
9.08161e-06 0.000356624 -2.56824e-06
0.00366497 0.221139 -0.00106198
3.10524e-06 0.000596486 -1.39678e-06
0.00386984 0.682847 -0.00249754
-1.32615e-07 -0.00374188 -1.00968e-05
0.00012398 0.581315 0.00151319
1.75099e-06 -0.00341994 7.28728e-06
-0.000183595 0.582115 -0.00129655
1.60872e-05 -0.00231943 -9.06629e-07
-0.00246735 0.355125 0.000185808
-6.28479e-07 -0.00665305 -1.74271e-05
7.70625e-05 0.582544 0.00151653
3.40385e-06 -0.0097758 2.15304e-05
-0.000200199 0.58343 -0.00128353
3.22893e-05 -0.00455757 -2.85877e-06
-0.00251647 0.359017 0.000218092
-1.30369e-05 0.00131833 -1.52049e-06
-0.0033081 0.35808 -0.000334855
1.55692e-05 0.00233737 6.84805e-07
0.00243644 0.355092 0.000175465
8.8556e-07 0.00342454 -7.65041e-06
0.000189926 0.582133 -0.00128988
-1.51485e-05 -0.00247843 -9.45406e-06
0.00422602 0.682694 0.0025857
3.03627e-06 -0.000593299 1.58662e-06
-0.00384483 0.682863 -0.00249671
6.24532e-06 -0.000335611 1.64966e-06
-0.00366708 0.221145 -0.00106408
-2.4247e-05 -0.00391073 -1.53232e-05
0.00423135 0.677361 0.00256264
2.37019e-05 -0.00410223 1.44063e-05
-0.00392241 0.680332 -0.0024997
2.55912e-05 -0.00147786 7.33786e-06
-0.00380201 0.22497 -0.00108914
6.55317e-05 -0.0170744 -0.000120939
-0.00070468 0.186991 0.00130368
-4.35574e-05 -0.00322177 6.32172e-05
0.00235365 0.177776 -0.00333726
-4.99976e-06 0.0018917 2.70053e-06
-0.000611125 0.227431 0.000359065
-0.00176849 -0.0139538 0.00219421
0.0120485 0.095253 -0.0149443
-0.00550722 -0.0280807 0.00698127
0.0135207 0.0689584 -0.0171335
-7.00036e-06 0.000625661 9.31818e-06
-0.00254236 0.165576 0.00338873
1.1452e-05 0.000521916 -1.44724e-05
0.00258178 0.165816 -0.00350406
-7.61292e-06 0.00413429 2.3326e-06
-0.000440637 0.214185 0.000173301
-8.6382e-05 0.00444558 0.000116175
-0.00207963 0.105329 0.00279959
1.20098e-05 0.000971954 -1.03579e-05
0.000775547 0.103602 -0.000762896
-1.0714e-06 0.00102314 3.0471e-06
-5.9375e-05 0.344252 0.000788573
2.66775e-07 -0.000350976 6.22095e-07
-0.000235357 0.348405 -0.000521388
-5.17167e-06 -0.0030893 6.2538e-06
0.000766667 0.441198 -0.000905369
1.09905e-05 0.00451382 -2.40923e-06
0.000567383 0.231493 -0.000124948
-5.09333e-06 0.0033863 -2.85697e-06
-0.000381514 0.232531 -0.000167855
-4.41295e-07 0.00255187 -2.48725e-06
-0.000216776 0.264311 -0.000112822
1.448e-05 0.00559299 -4.124e-06
0.000580732 0.229743 -0.00015831
-9.45218e-06 0.00618859 -5.39436e-06
-0.000385617 0.232327 -0.000173835
-7.65006e-06 0.00474935 1.31718e-06
-0.00042599 0.260838 7.49142e-05
-4.98721e-06 0.000396924 7.33154e-06
-0.00261514 0.166333 0.00349633
6.58105e-06 0.000231968 -7.87694e-06
0.00248329 0.166361 -0.00337543
-1.93424e-06 0.000214903 1.75156e-06
-0.0005338 0.213117 0.000265926
6.77848e-06 0.000242476 -8.83611e-06
0.00155157 0.105334 -0.00175416
-9.97999e-06 0.00213826 1.64568e-05
-0.000416495 0.105348 0.000712957
1.09401e-05 -0.000594266 -1.31068e-05
-0.00249896 0.166163 0.00339294
-1.43853e-05 -0.00127175 2.03259e-05
0.00260718 0.165876 -0.00348937
5.11686e-06 -0.00229434 -2.11054e-06
-0.0006093 0.21389 0.000336311
-0.00014798 -0.00268955 0.000176456
0.00587259 0.105348 -0.00713564
-3.98297e-05 -0.00117463 4.76222e-05
0.0035845 0.1052 -0.00428735
-5.29226e-07 0.000187811 7.62751e-07
0.000272817 0.351197 0.000523436
-1.52451e-06 0.000334122 2.55389e-07
-7.07643e-05 0.349884 -0.000698168
3.48772e-06 0.00152725 -3.69842e-06
0.00102664 0.442113 -0.00108288
1.1427e-06 -0.00130303 -3.90135e-06
0.00032665 0.233516 0.000197623
7.14047e-06 -0.00220817 -2.70662e-06
-0.000485409 0.233062 2.68128e-05
-1.87059e-06 -0.00129911 2.83147e-06
0.000455892 0.266069 -0.000658761
1.2819e-06 -0.000289951 -1.82808e-06
0.000294857 0.234097 0.000202293
4.03054e-06 -0.000535096 -2.75106e-06
-0.000394178 0.23394 -8.82278e-05
4.45035e-07 -0.000396636 7.31951e-08
0.000263153 0.267545 -0.000520447
3.95872e-07 -0.000407524 -1.1737e-07
0.000264089 0.267563 0.000518946
-2.35551e-08 -6.10487e-05 6.0538e-08
-0.000105598 0.267782 -0.000401969
9.57662e-07 -0.000285147 1.49849e-06
0.000307946 0.234116 -0.000194779
8.82347e-07 0.000496863 1.0722e-06
0.000912151 0.442998 0.00101021
-1.15026e-07 0.000199689 -3.09852e-07
-0.000782689 0.44306 -0.000918043
2.02741e-07 -9.22796e-05 2.95448e-07
0.000295269 0.352104 -0.000514982
3.60486e-06 0.00148894 3.68204e-06
0.00099535 0.442176 0.00106004
-2.13182e-06 0.0011112 -2.38676e-06
-0.000665659 0.442579 -0.000847987
-2.72897e-07 0.000165702 -5.35508e-07
0.000280727 0.351169 -0.000522137
1.61423e-08 0.000827915 9.3952e-07
-1.19217e-05 0.26681 0.000290012
-2.62106e-06 0.0013095 -3.47902e-06
-0.000465692 0.266095 -0.000667376
6.0697e-06 0.00220753 1.58293e-06
0.000457762 0.23309 -2.86592e-06
-1.803e-06 -0.00113997 -2.23939e-06
0.00065972 0.442538 0.000837412
3.87779e-06 -0.00152871 3.95593e-06
-0.000995064 0.442141 -0.00106743
-9.73299e-07 -0.000320451 1.71042e-07
6.36232e-05 0.349903 -0.000708699
-3.36303e-07 -0.000208319 -4.26338e-07
0.000752304 0.443044 0.000903745
1.10822e-06 -0.00051618 1.19619e-06
-0.000911814 0.442965 -0.00100299
4.52659e-07 -0.000433468 1.27518e-06
0.000193523 0.351845 -0.000599456
-1.09759e-05 0.00213855 -1.75235e-05
-0.000407045 0.105375 -0.000704048
-0.000146841 0.00267712 -0.000176711
-0.00588116 0.105382 -0.00714064
-3.6792e-06 0.00168082 -1.90044e-06
-0.000440782 0.213245 -0.000176608
4.43993e-06 0.0022973 1.5189e-06
0.000570463 0.213892 0.000302441
-1.32734e-05 0.0012427 -1.886e-05
-0.00260914 0.165904 -0.00348671
-7.39207e-07 0.00022027 -5.75335e-07
-0.000491753 0.213112 -0.000230171
2.28072e-06 0.000958442 8.04308e-07
0.000534462 0.213183 0.000264417
-5.78318e-06 0.000397423 -7.48219e-06
-0.00259552 0.166363 -0.00348418
1.08117e-05 -0.000734923 -3.2405e-06
-0.0035524 0.21949 0.00102509
3.34853e-06 -0.000110737 -7.29299e-07
0.00359558 0.219402 -0.00103738
2.83279e-07 6.02064e-05 -2.07563e-07
0.00382349 0.683473 -0.00247469
-1.12789e-06 -0.000895687 -1.81179e-06
0.000220928 0.580081 0.00138482
-3.55151e-07 -3.50757e-06 1.73262e-07
-0.000205812 0.579942 -0.00131009
-2.96419e-07 -3.54497e-05 2.37117e-07
-0.00258626 0.353891 0.00021394
-6.80856e-08 -0.00167897 -4.41554e-06
0.000165939 0.580594 0.00147739
-1.4168e-07 -0.000995904 2.41552e-06
-0.000162359 0.580744 -0.0013029
3.89197e-06 -0.000639156 -2.45148e-07
-0.00240909 0.354013 0.000172846
1.8617e-06 0.000335248 9.42936e-09
-0.00357898 0.21973 0.00104739
5.39073e-06 0.000529315 -1.33032e-06
0.00353541 0.220416 -0.00100598
-7.79218e-06 -0.00129914 4.86242e-06
0.00411513 0.683586 -0.00254567
-3.29125e-07 0.000996302 2.48027e-06
0.000140025 0.580776 0.00130446
-7.3254e-07 0.00170978 -4.23949e-06
-0.000185054 0.580602 -0.00146932
-9.87264e-07 0.000120129 -1.76555e-07
-0.00321668 0.354402 0.000333086
-6.1322e-07 -1.26126e-06 2.61014e-07
0.000197608 0.579938 0.00132777
-1.28316e-06 0.000916711 -1.80905e-06
-0.000233476 0.580116 -0.00138449
1.16974e-06 -0.000289668 -5.61814e-08
-0.00289133 0.353727 0.000277897
3.45015e-06 -0.000665253 5.9484e-08
-0.00233467 0.354058 -0.000153098
-8.84752e-07 -0.000131922 -7.05533e-08
0.00318108 0.354423 0.000317263
-4.87233e-07 -0.00170155 4.30134e-06
0.000157031 0.580599 -0.00147513
1.13871e-06 0.000266185 7.99689e-07
0.00372225 0.683414 0.00246712
-7.92572e-06 0.00131567 -4.95521e-06
-0.00408435 0.683551 -0.00254797
4.44567e-06 -0.000524747 1.28859e-06
-0.00352113 0.22043 -0.00100427
2.43429e-07 4.08632e-05 1.4068e-07
0.00380949 0.683392 0.00248616
-3.94985e-06 0.000672679 -2.4647e-06
-0.00388914 0.683476 -0.0024928
1.22478e-05 -0.000769537 3.41014e-06
-0.00357969 0.219496 -0.00103068
-6.50584e-07 -1.19193e-05 -3.93767e-07
-0.00255102 0.3539 -0.000208201
1.36736e-06 0.000313523 -1.91402e-07
0.00286607 0.353759 0.000269939
-1.21344e-06 -0.000927462 1.86463e-06
0.000220818 0.58015 -0.00138551
-1.16691e-06 0.000159415 -3.69702e-07
-0.00359875 0.219375 0.00104624
1.01466e-05 0.000777023 -3.0457e-06
0.00358171 0.219503 -0.00103097
-3.88063e-06 -0.000657385 2.41045e-06
0.00389665 0.68352 -0.00249331
8.25667e-06 -0.000533104 -2.21661e-06
-0.00350424 0.220387 0.00100026
-2.25598e-06 -0.000360387 6.48967e-07
0.00359583 0.219725 -0.00104987
1.65778e-06 0.000320471 -1.01789e-06
0.00376764 0.68345 -0.0024678
4.31679e-06 0.000247383 5.57885e-06
0.00157004 0.105357 0.00176946
-3.55247e-05 0.00114923 -4.3088e-05
-0.00359777 0.105256 -0.00430122
5.18286e-08 4.72236e-05 1.0262e-07
9.50447e-05 0.267768 0.00039246
3.27541e-07 0.000368997 -1.16401e-07
-0.000285045 0.267574 -0.000537096
3.25844e-06 0.000516729 2.037e-06
0.000386844 0.233942 -9.29729e-05
-2.06636e-06 -0.00133214 -3.03477e-06
0.000459094 0.266067 0.000659853
2.22421e-07 -0.00083048 1.07268e-06
3.36148e-05 0.266803 -0.000276624
3.77802e-07 -0.00131548 3.23828e-06
0.000336899 0.233507 -0.000194567
4.46118e-08 -7.16181e-05 -1.28982e-07
0.000281941 0.352086 0.000523644
-1.30479e-07 0.000428179 -8.46961e-07
-0.000199913 0.351843 -0.000591981
9.36188e-07 0.000486754 -1.07082e-06
0.00092827 0.442945 -0.00101478
6.71239e-06 -0.000231779 -7.94743e-06
-0.00251766 0.166358 0.00340393
-4.53133e-06 -0.000397738 7.28838e-06
0.00258527 0.166334 -0.00347977
4.02121e-06 -0.000992997 -2.76305e-06
-0.000557924 0.213192 0.000287853
-1.42154e-05 0.0012598 2.01415e-05
-0.0026214 0.165897 0.00349614
1.08847e-05 0.000598186 -1.36562e-05
0.00247977 0.166199 -0.00338057
-4.32151e-06 0.00169205 2.44402e-06
-0.00046201 0.213252 0.000195072
-3.1977e-06 0.00580431 1.47697e-05
-0.00017359 0.333693 0.000842462
4.34048e-07 -0.000890149 1.26286e-06
-0.000235554 0.342421 -0.00046231
-1.19242e-05 -0.00583005 1.26305e-05
0.000952968 0.436462 -0.000983773
5.98516e-05 -0.0037866 -7.83183e-05
-0.0025055 0.171127 0.00335028
2.53388e-05 0.00163587 -3.43534e-05
0.00253402 0.167997 -0.00346746
-1.41313e-05 0.00651647 6.36434e-06
-0.000474549 0.218078 0.000212999
-0.00034014 -0.0279418 0.000501664
0.00233485 0.192018 -0.00344594
3.75172e-05 -0.0111469 -2.49998e-05
-0.000833174 0.248601 0.000559822
-7.60269e-05 0.00856688 -7.25967e-06
-0.00328855 0.369281 -0.000313507
3.19014e-05 0.00457952 2.71208e-06
0.00250647 0.358992 0.000214551
3.82388e-06 0.00979179 -2.14356e-05
0.000220648 0.583451 -0.00127899
-9.78575e-05 0.00657726 2.81628e-05
-0.00344937 0.231991 0.000983729
2.50965e-05 0.00153694 -6.75323e-06
0.00378122 0.224955 -0.00108179
2.38198e-05 0.00409877 -1.432e-05
0.00395851 0.680285 -0.00249664
0.000577686 0.0426028 -0.00014892
0.00392461 0.289339 -0.0010113
0.00011804 0.016829 -6.47518e-05
0.00442128 0.625145 -0.0023069
9.87248e-05 0.0074677 0.000108862
0.00119132 0.0993968 0.00130703
1.14085e-05 -0.000978252 8.04087e-06
-0.000782841 0.103586 -0.000767313
-1.80799e-05 -0.0071887 -2.1547e-05
0.000683225 0.255316 0.00079614
-6.87684e-06 -0.00479148 -6.41289e-07
0.000404606 0.260835 5.75563e-05
-8.6619e-06 -0.00621836 6.20392e-06
0.000369048 0.232331 -0.000188592
-1.61261e-05 -0.00921373 -2.59205e-06
0.000479813 0.271203 8.24718e-05
-1.06846e-06 -0.000496034 5.03587e-07
0.000232248 0.253569 -0.000373271
-2.27346e-06 -0.00214288 -1.79097e-06
0.000351263 0.332977 0.000319946
-3.71084e-06 -0.0143421 3.58936e-05
8.16092e-05 0.324745 -0.000808884
-1.08056e-05 -0.00492691 1.20897e-05
0.000829777 0.413479 -0.000967663
-4.31211e-05 0.00316004 6.07861e-05
-0.00237714 0.177812 0.00333705
6.26022e-05 0.0170321 -0.000119987
0.000651443 0.187015 -0.00127423
-9.87081e-06 0.00261396 6.31438e-06
-0.000869422 0.229243 0.000562127
1.21399e-05 -0.000519536 -1.50937e-05
-0.00259597 0.165791 0.00351182
-7.06863e-06 -0.00062881 8.64813e-06
0.00252174 0.165569 -0.00337189
8.25026e-06 -0.00356516 -3.21133e-06
-0.000621836 0.21676 0.000328309
7.02592e-05 -0.010734 5.57535e-06
-0.00247501 0.372247 -0.000219808
-0.000339426 -0.0392614 -2.90327e-05
0.00342322 0.395199 0.000295116
-1.00115e-08 -0.0118393 3.21036e-05
-4.93158e-05 0.576448 -0.00157602
0.000177885 -0.0112401 -5.03684e-05
-0.00377966 0.237568 0.001069
-0.000441993 -0.033099 0.000124215
0.00339127 0.253911 -0.000953654
-8.54033e-05 -0.0125573 4.83886e-05
0.00445666 0.655435 -0.00252429
4.6728e-06 -0.000393673 -1.6431e-06
-0.00365316 0.221178 0.00106032
-4.12441e-06 -0.000175919 4.05916e-07
0.0034887 0.22338 -0.000986855
-1.53991e-05 -0.00251792 9.07701e-06
0.00424358 0.682673 -0.00257693
-0.00177637 -0.0140179 -0.00220231
0.0120219 0.0951352 0.0149077
-0.000143828 -0.0168884 -0.000173264
0.000690189 0.0728443 0.000835275
-8.85522e-06 0.00437524 -2.58348e-06
-0.000510934 0.261085 -0.000142936
-4.51534e-05 0.013806 -5.07246e-05
-0.000828804 0.252759 -0.000928845
9.72565e-06 0.00414154 2.13665e-06
0.00060127 0.232242 0.000164867
-3.91905e-07 0.00256094 2.49038e-06
-0.00018624 0.264322 0.000126348
-7.50071e-06 0.00334224 -9.77327e-06
-0.000570966 0.262408 -0.000744854
1.1753e-05 0.00451723 2.8535e-06
0.000578441 0.231532 0.00012577
-8.5086e-05 0.0044279 -0.000114831
-0.00205737 0.105283 -0.00278001
-7.10954e-05 0.00136473 -8.45345e-05
-0.00597414 0.106076 -0.00724449
1.48013e-05 -0.00233553 9.20013e-07
-0.00239543 0.355167 -0.000174712
-1.31247e-05 -0.00134037 -1.48324e-06
0.00333004 0.35817 0.000332745
-8.73103e-07 -0.00378285 9.89641e-06
0.000144721 0.581319 -0.00151208
-9.46206e-08 0.000328422 8.19463e-07
0.000216341 0.348409 0.000527457
-1.01181e-06 -0.00102235 2.98105e-06
3.09838e-05 0.344288 -0.000768544
5.78965e-06 0.00266451 -6.40545e-06
0.00105591 0.439074 -0.00111616
-0.0054626 0.027949 -0.00691888
-0.0135235 0.0692182 -0.0171219
0.000494341 0.0748444 5.92664e-05
0.00276122 0.417592 0.000335371
-1.36078e-06 -0.0123413 2.66229e-05
6.8049e-05 0.533559 -0.00115643
-4.50826e-05 0.0248783 -1.278e-05
-0.000575609 0.324166 -0.000169193
1.73842e-05 0.00866669 -1.90102e-05
0.000832565 0.398004 -0.000805415
-1.26955e-06 -0.000324269 1.40774e-07
5.36829e-05 0.349898 0.000712972
-7.09788e-07 -0.000190573 9.36823e-07
-0.000284783 0.351219 -0.00051603
-1.81402e-06 -0.00113454 2.23039e-06
0.000674756 0.442571 -0.000847748
-0.000147623 -0.00268523 -0.000176796
0.00586567 0.105401 0.00712338
-1.05711e-05 -0.00215797 -1.67381e-05
0.00041108 0.105384 0.000708287
-1.20407e-06 0.000114392 -4.61969e-07
-0.00315201 0.35431 -0.000314832
2.85522e-06 0.000625775 2.34678e-07
0.00239484 0.353982 0.000165416
-1.23519e-07 0.000959572 -2.3194e-06
0.000160663 0.580754 -0.00130423
