0.902328 0.902328 0.0124348
0.440642 0.902473 0.182358
0.443979 0.443977 0.12835
0.902474 0.440644 0.182358
0.673293 0.444154 0.135959
0.67389 0.214577 0.118009
0.901948 0.215969 0.0936831
0.2158 0.443182 0.139366
0.215603 0.215604 0.10828
0.44317 0.215803 0.139318
0.215969 0.901949 0.0936846
0.214574 0.673888 0.118004
0.444169 0.673269 0.135965
0.671917 0.901815 0.10711
0.673663 0.673665 0.123046
0.901814 0.671917 0.107111
0.786946 0.67322 0.109583
0.78655 0.558437 0.141299
0.904139 0.561061 0.153387
0.560129 0.674483 0.137464
0.558619 0.558616 0.126437
0.67448 0.56012 0.137464
0.561058 0.904137 0.153386
0.558447 0.786547 0.141291
0.673217 0.786943 0.109582
0.328745 0.674316 0.128418
0.33112 0.558769 0.12861
0.444264 0.558603 0.130801
0.10112 0.67458 0.109337
0.101268 0.557888 0.142009
0.214003 0.56129 0.137183
0.10306 0.903398 0.0493
0.100923 0.787892 0.075295
0.215674 0.78788 0.101039
0.32656 0.213789 0.127912
0.329558 0.102699 0.138852
0.443671 0.101329 0.151501
0.10127 0.213399 0.100024
0.0964187 0.0964183 0.0715384
0.213405 0.101275 0.10002
0.101322 0.443675 0.15151
0.102701 0.329567 0.138856
0.213789 0.326571 0.127906
0.787878 0.215672 0.101033
0.787894 0.100922 0.0752966
0.903399 0.103057 0.0493
0.561299 0.214003 0.137163
0.557869 0.101273 0.142031
0.674572 0.101121 0.109326
0.558608 0.444242 0.130721
0.558792 0.331129 0.128602
0.674314 0.328741 0.12844
0.786746 0.444958 0.143359
0.785969 0.329028 0.136967
0.903032 0.327496 0.142798
0.329986 0.443749 0.13304
0.329514 0.329522 0.126708
0.443735 0.329987 0.13304
0.327496 0.903031 0.142798
0.329034 0.785974 0.136978
0.444965 0.786747 0.143357
0.787258 0.903077 0.0561286
0.785019 0.785019 0.0776596
0.903077 0.787259 0.0561283
0.84437 0.786218 0.0702964
0.843594 0.728355 0.0892077
0.902171 0.729988 0.0826996
0.72898 0.787717 0.0937192
0.729639 0.729639 0.102057
0.787717 0.728981 0.0937208
0.729988 0.902171 0.0827
0.728355 0.843595 0.0892082
0.786217 0.84437 0.0702965
0.383888 0.784861 0.146872
0.385521 0.730962 0.137135
0.443797 0.72987 0.142272
0.27219 0.787117 0.115691
0.271204 0.730263 0.118658
0.327407 0.729418 0.130853
0.271683 0.902687 0.118859
0.27326 0.843096 0.117803
0.327787 0.841743 0.139454
0.386862 0.328842 0.131652
0.38554 0.272681 0.135941
0.444291 0.271758 0.132502
0.272848 0.330167 0.128935
0.273456 0.273457 0.126308
0.330177 0.272844 0.128931
0.271744 0.444286 0.132504
0.27268 0.385539 0.135945
0.328848 0.386862 0.131654
0.841742 0.327785 0.13945
0.843097 0.273261 0.117802
0.902685 0.271684 0.11886
0.729405 0.327415 0.130839
0.73025 0.271216 0.118658
0.787121 0.272197 0.115684
0.729871 0.443802 0.14227
0.730971 0.385521 0.137108
0.784862 0.383899 0.146855
0.616016 0.329252 0.126783
0.614888 0.271251 0.129673
0.673456 0.272111 0.1265
0.501811 0.329139 0.131441
0.500745 0.271869 0.133545
0.559753 0.273959 0.133693
0.501122 0.443755 0.129824
0.500948 0.386133 0.128585
0.558343 0.386664 0.130384
0.617845 0.101275 0.127804
0.619142 0.0428223 0.128738
0.671352 0.0440809 0.107626
0.500401 0.0999021 0.154391
0.50415 0.0469973 0.168995
0.564153 0.0442843 0.146744
0.50215 0.215676 0.137902
0.498785 0.158203 0.143482
0.560907 0.158505 0.142376
0.846083 0.0993791 0.0672497
0.846416 0.0440638 0.0485403
0.902108 0.0425846 0.0250069
0.727426 0.101016 0.0926517
0.729877 0.0435922 0.0873493
0.785173 0.0430896 0.0639532
0.729028 0.215545 0.105909
0.729345 0.158473 0.0969951
0.787754 0.159114 0.0854053
0.156713 0.329488 0.132847
0.157459 0.272573 0.118523
0.215041 0.270275 0.121552
0.0435549 0.325515 0.140558
0.045076 0.271755 0.119352
0.09954 0.269841 0.118521
0.0480457 0.43995 0.166306
0.0457122 0.384471 0.159088
0.0980787 0.388061 0.149316
0.157219 0.102511 0.0850394
0.156816 0.044744 0.073355
0.218732 0.0425586 0.0934247
0.0431719 0.10385 0.0599269
0.0414294 0.0414295 0.0366045
0.103847 0.0431746 0.0599262
0.0425552 0.218738 0.0934235
0.044744 0.15681 0.0733565
0.102513 0.157223 0.0850436
0.388083 0.0980438 0.149305
0.384452 0.0457132 0.159089
0.439945 0.0480514 0.166302
0.269848 0.0995402 0.118521
0.271754 0.0450731 0.119348
0.325525 0.0435587 0.14056
0.270275 0.215042 0.121545
0.272573 0.157455 0.118521
0.329493 0.156718 0.132841
0.159116 0.78776 0.0854003
0.158468 0.729349 0.0970064
0.21555 0.729018 0.105905
0.0430915 0.785167 0.0639517
0.0435924 0.729881 0.0873433
0.101014 0.727423 0.092666
0.0425842 0.902109 0.0250065
0.0440626 0.846416 0.0485394
0.0993764 0.846086 0.0672485
0.158493 0.560876 0.142398
0.158204 0.498803 0.143442
0.215668 0.502137 0.13789
0.0442928 0.564153 0.146722
0.0469764 0.504143 0.16899
0.0999211 0.50041 0.154378
0.0440856 0.671347 0.107632
0.0428158 0.619155 0.128746
0.101273 0.61785 0.127825
0.38664 0.558371 0.130339
0.386144 0.500957 0.128617
0.443753 0.501117 0.129868
0.273941 0.559754 0.133694
0.271889 0.500745 0.133543
0.329142 0.501811 0.131464
0.272133 0.673448 0.126491
0.271268 0.614901 0.129651
0.329249 0.616001 0.126744
0.617241 0.787722 0.128036
0.615285 0.729428 0.123026
0.67311 0.730295 0.114096
0.501272 0.784913 0.145093
0.502143 0.730138 0.143916
0.561754 0.72989 0.137741
0.504507 0.903101 0.181798
0.498992 0.840048 0.158377
0.562484 0.842311 0.144414
0.616225 0.559462 0.128045
0.614758 0.501486 0.132107
0.673322 0.501012 0.132293
0.500903 0.55904 0.130175
0.501032 0.501032 0.128504
0.559032 0.500904 0.130144
0.501007 0.673342 0.132268
0.501495 0.614766 0.132093
0.559463 0.616237 0.128079
0.842311 0.562488 0.144414
0.840046 0.498993 0.158377
0.903102 0.504507 0.181797
0.72988 0.561759 0.137757
0.730137 0.502145 0.143903
0.784914 0.501273 0.145093
0.730298 0.673106 0.114095
0.729428 0.615287 0.123027
0.787721 0.617241 0.128036
0.841113 0.672692 0.107067
0.843894 0.61695 0.128099
0.903529 0.6183 0.12997
0.614425 0.674589 0.128293
0.614195 0.614189 0.12708
0.674593 0.614425 0.128276
0.618299 0.903528 0.12997
0.61695 0.843894 0.128098
0.672694 0.841112 0.107069
0.386717 0.673265 0.133043
0.385851 0.615246 0.132547
0.443229 0.615907 0.131312
0.158394 0.671524 0.110981
0.156389 0.613939 0.12381
0.214371 0.616835 0.126796
0.156145 0.902234 0.0690709
0.158199 0.841241 0.0797137
0.214893 0.843893 0.0974813
0.385862 0.215246 0.136651
0.386998 0.159843 0.141775
0.445397 0.157442 0.142055
0.157918 0.215539 0.104102
0.158911 0.15891 0.0900939
0.21554 0.157919 0.104098
0.157411 0.445426 0.142044
0.15986 0.386973 0.14177
0.21525 0.385846 0.136675
0.843893 0.214895 0.0974758
0.841242 0.1582 0.0797123
0.902234 0.156143 0.0690699
0.616852 0.214373 0.126811
0.613931 0.156379 0.123812
0.671524 0.158396 0.110969
0.615925 0.443226 0.131359
0.615234 0.385882 0.132632
0.673258 0.386706 0.133013
0.841112 0.443799 0.158193
0.841375 0.387485 0.151571
0.904216 0.385038 0.167992
0.386676 0.444086 0.129707
0.386234 0.38624 0.130808
0.444099 0.386667 0.129687
0.385043 0.904219 0.167992
0.387485 0.841372 0.151571
0.4438 0.841111 0.158187
0.84446 0.900655 0.0383644
0.845874 0.845874 0.0578637
0.900654 0.84446 0.0383645
0.871595 0.8459 0.0487456
0.87338 0.813917 0.0582242
0.903811 0.815114 0.0485716
0.815531 0.845423 0.0666842
0.817526 0.817526 0.0699794
0.845423 0.815531 0.0666842
0.815115 0.903811 0.0485715
0.813917 0.87338 0.0582241
0.8459 0.871596 0.0487455
0.417987 0.840058 0.157877
0.417838 0.816168 0.152762
0.44425 0.816916 0.149859
0.355008 0.842369 0.143945
0.358643 0.815342 0.14419
0.388534 0.816378 0.150288
0.355646 0.903907 0.153237
0.352455 0.87328 0.146393
0.383593 0.87148 0.159913
0.415039 0.386464 0.130185
0.415237 0.357981 0.132208
0.444176 0.358271 0.131606
0.357014 0.386296 0.132877
0.357374 0.357385 0.133413
0.386287 0.357005 0.13288
0.358276 0.444173 0.13161
0.357992 0.415247 0.132203
0.38647 0.415041 0.130199
0.871479 0.383585 0.159911
0.87328 0.352454 0.146391
0.903907 0.355643 0.153238
0.816383 0.388531 0.15028
0.815349 0.358627 0.144179
0.84237 0.355007 0.143942
0.816915 0.444251 0.149863
0.816167 0.417839 0.152762
0.84006 0.417985 0.157881
0.644762 0.384785 0.134744
0.64411 0.357904 0.131931
0.674889 0.3582 0.13614
0.585783 0.386259 0.130552
0.586465 0.358107 0.129387
0.615264 0.357171 0.128172
0.587378 0.443748 0.130999
0.586796 0.41483 0.131292
0.615714 0.415211 0.132538
0.642758 0.157226 0.119727
0.645408 0.130099 0.117069
0.672616 0.130108 0.110342
0.586843 0.156237 0.133501
0.58824 0.130551 0.135936
0.616417 0.129887 0.125014
0.590157 0.213987 0.131281
0.58707 0.185078 0.131173
0.614375 0.185153 0.125126
0.872013 0.158322 0.0731176
0.87271 0.133095 0.0643142
0.903479 0.130125 0.0566148
0.81309 0.15594 0.084347
0.816142 0.127525 0.0756883
0.844037 0.129518 0.0727149
0.815894 0.213412 0.101155
0.815738 0.186332 0.0932092
0.843724 0.188379 0.0901617
0.18671 0.384637 0.138269
0.186842 0.355711 0.137867
0.214264 0.35545 0.13402
0.130425 0.386531 0.144537
0.130628 0.355281 0.139719
0.158367 0.355262 0.142232
0.130338 0.443606 0.141488
0.130505 0.41604 0.143307
0.157592 0.418283 0.1435
0.187994 0.158612 0.0965933
0.188778 0.129385 0.0953012
0.21642 0.12901 0.102968
0.129683 0.158789 0.0868898
0.130286 0.13029 0.0804966
0.158785 0.129683 0.0868894
0.129011 0.216419 0.102976
0.129387 0.188778 0.0953044
0.158613 0.187994 0.0965931
0.41825 0.157655 0.143521
0.416098 0.130538 0.143293
0.443542 0.130424 0.141492
0.355293 0.158342 0.142248
0.355327 0.130626 0.139705
0.386656 0.130387 0.144502
0.355455 0.21426 0.134027
0.355698 0.18685 0.137893
0.384587 0.186708 0.13827
0.188376 0.843723 0.0901631
0.186331 0.815737 0.0932125
0.213411 0.815893 0.101161
0.129516 0.844039 0.0727161
0.127524 0.816144 0.0756883
0.15594 0.81309 0.0843483
0.130129 0.903478 0.0566149
0.133097 0.872708 0.0643154
0.158322 0.872011 0.0731192
0.185155 0.614371 0.125125
0.185074 0.587058 0.131175
0.213977 0.590149 0.131277
0.129893 0.616419 0.12503
0.130545 0.588252 0.135971
0.15623 0.586834 0.133518
0.130106 0.672614 0.110356
0.130099 0.645409 0.117087
0.157227 0.642758 0.119741
0.415215 0.615696 0.132453
0.41486 0.586771 0.131222
0.443755 0.587358 0.13097
0.357158 0.615264 0.128096
0.358094 0.58648 0.12934
0.386257 0.585816 0.130487
0.358224 0.67488 0.136142
0.357932 0.644114 0.131855
0.38477 0.644779 0.134716
0.643412 0.843004 0.118132
0.643809 0.816987 0.119583
0.673208 0.814592 0.110226
0.589145 0.841593 0.1402
0.586469 0.813921 0.140451
0.6167 0.816409 0.129124
0.589244 0.903141 0.142825
0.591256 0.872731 0.140672
0.619087 0.874548 0.128362
0.643455 0.613218 0.126396
0.645224 0.583432 0.12728
0.675992 0.587216 0.130942
0.586979 0.615829 0.126262
0.588698 0.588699 0.12583
0.615829 0.586969 0.126238
0.587213 0.675988 0.130972
0.583437 0.645215 0.127311
0.613225 0.643456 0.126415
0.87455 0.619087 0.128362
0.872732 0.591255 0.140672
0.90314 0.589244 0.142825
0.816408 0.616698 0.129125
0.813919 0.586466 0.140451
0.841594 0.589144 0.140199
0.814593 0.673209 0.110225
0.816987 0.643807 0.119584
0.843004 0.643411 0.118134
0.758388 0.616764 0.124614
0.758469 0.589272 0.137218
0.786269 0.588073 0.138554
0.701945 0.615056 0.127016
0.701007 0.59018 0.132422
0.728869 0.588778 0.133434
0.702181 0.673432 0.118949
0.702805 0.645002 0.125484
0.730384 0.645807 0.11963
0.757766 0.501307 0.145919
0.758878 0.470709 0.141823
0.7867 0.470607 0.143187
0.701208 0.501933 0.137407
0.701678 0.472153 0.140908
0.729694 0.472736 0.1421
0.701966 0.562624 0.136727
0.702169 0.530542 0.133712
0.730747 0.531599 0.138192
0.8682 0.504861 0.169817
0.868843 0.476432 0.166842
0.902341 0.475875 0.182317
0.816169 0.499406 0.153141
0.817086 0.472407 0.150054
0.841289 0.472687 0.158443
0.81547 0.557956 0.145797
0.816141 0.528632 0.151179
0.841122 0.529905 0.151902
0.530594 0.615082 0.1321
0.530829 0.585658 0.128737
0.559455 0.586352 0.126536
0.472493 0.616003 0.131068
0.472148 0.587576 0.130704
0.501258 0.586465 0.130799
0.472232 0.673602 0.136086
0.472649 0.644176 0.131423
0.500654 0.644919 0.131765
0.529915 0.500643 0.128534
0.529891 0.47259 0.129847
0.559029 0.472539 0.130671
0.47243 0.501189 0.12906
0.472422 0.472424 0.129392
0.501181 0.472429 0.129034
0.472554 0.559048 0.13075
0.472606 0.529902 0.129901
0.500637 0.529914 0.128527
0.64491 0.500706 0.1318
0.644156 0.472692 0.131447
0.6736 0.472225 0.136089
0.586423 0.501208 0.130776
0.587554 0.472153 0.130662
0.615996 0.47253 0.131064
0.586337 0.559447 0.126531
0.585631 0.530803 0.128729
0.615075 0.530581 0.132103
0.529897 0.841126 0.151901
0.528626 0.816144 0.15118
0.557957 0.815473 0.145797
0.472691 0.841289 0.158439
0.472408 0.817088 0.15005
0.499406 0.816172 0.153141
0.475875 0.902341 0.182316
0.476437 0.86884 0.166841
0.504864 0.868199 0.169818
0.531592 0.730756 0.138175
0.530548 0.702164 0.133687
0.562646 0.701968 0.136722
0.47273 0.729696 0.142119
0.47217 0.701658 0.14092
0.501943 0.701193 0.137396
0.47061 0.786699 0.143186
0.47071 0.758882 0.141819
0.501308 0.757771 0.145926
0.645809 0.730384 0.11963
0.645006 0.702806 0.125481
0.673436 0.702184 0.11895
0.588775 0.728868 0.133426
0.590182 0.701 0.132427
0.615047 0.701935 0.12702
0.588082 0.786269 0.138551
0.589268 0.758465 0.137218
0.616762 0.75839 0.124611
0.300094 0.616096 0.129323
0.299592 0.587527 0.129853
0.329311 0.587576 0.127549
0.242292 0.615699 0.128641
0.24259 0.587742 0.129196
0.271607 0.586533 0.130277
0.243869 0.673747 0.119716
0.243017 0.645383 0.126828
0.272132 0.643791 0.128688
0.299887 0.501322 0.134143
0.30034 0.472168 0.13408
0.329226 0.472426 0.132724
0.243434 0.501584 0.135429
0.24237 0.472735 0.136758
0.271359 0.472167 0.133189
0.244467 0.560179 0.135369
0.24531 0.530621 0.136971
0.273221 0.530626 0.135163
0.415366 0.501265 0.128928
0.415597 0.472636 0.12837
0.443935 0.472504 0.128894
0.357265 0.501008 0.130653
0.357759 0.47274 0.13164
0.386894 0.472823 0.129473
0.358491 0.558253 0.12979
0.357912 0.529554 0.129127
0.386303 0.529411 0.128711
0.0725851 0.617614 0.128213
0.0737483 0.589014 0.139227
0.102216 0.58643 0.138224
0.0133031 0.618336 0.130266
0.0135472 0.589324 0.142883
0.0435747 0.59177 0.140352
0.0136177 0.671898 0.107952
0.0139226 0.644775 0.119815
0.044209 0.644569 0.119582
0.0762255 0.497024 0.159114
0.0773286 0.472287 0.16184
0.101143 0.472158 0.151835
0.0130149 0.50475 0.182077
0.0140772 0.476278 0.181163
0.0478219 0.477064 0.166417
0.0136106 0.559945 0.153079
0.0132366 0.530729 0.167582
0.0462221 0.531958 0.159947
0.186742 0.501342 0.14042
0.186314 0.47217 0.13996
0.21497 0.473122 0.139169
0.130826 0.501926 0.143192
0.13063 0.472015 0.141305
0.158002 0.470699 0.141486
0.130516 0.560452 0.140158
0.130542 0.530771 0.145708
0.160376 0.530377 0.143015
0.070038 0.846299 0.0577043
0.0704781 0.817349 0.0670837
0.0981298 0.820022 0.0713571
0.0152143 0.844723 0.0379757
0.0124888 0.814488 0.0491823
0.042538 0.813845 0.0591293
0.014161 0.90235 0.0123595
0.0144936 0.873844 0.0250844
0.0420886 0.874436 0.0371271
0.0730659 0.730206 0.090503
0.0730895 0.702475 0.0951385
0.101009 0.70123 0.0979589
0.0142228 0.730058 0.0834144
0.0143248 0.700536 0.0938994
0.0438048 0.700137 0.0942098
0.0127091 0.78685 0.0565735
0.0144412 0.759782 0.0694759
0.0448579 0.759518 0.0741485
0.186989 0.729594 0.10134
0.185938 0.701349 0.106458
0.214246 0.700431 0.11097
0.129318 0.726378 0.0946041
0.129282 0.699253 0.1004
0.158053 0.701084 0.102014
0.130945 0.785831 0.0792812
0.130224 0.756573 0.0873242
0.160218 0.759395 0.0894146
0.303506 0.156489 0.121692
0.300693 0.129218 0.124914
0.327977 0.130501 0.137349
0.243504 0.158053 0.112701
0.243199 0.130194 0.11168
0.270622 0.130206 0.116658
0.244128 0.215197 0.115105
0.243735 0.18594 0.113873
0.272076 0.185263 0.119932
0.296928 0.0425169 0.128485
0.298009 0.012771 0.129837
0.327431 0.0132565 0.142799
0.246751 0.0447678 0.106653
0.245235 0.0139702 0.108075
0.271511 0.0137148 0.11951
0.241126 0.101384 0.110061
0.242938 0.0745975 0.106499
0.272095 0.0735864 0.119489
0.413095 0.0466861 0.168984
0.412219 0.012909 0.181579
0.440445 0.0144125 0.180916
0.352289 0.0441556 0.146029
0.356409 0.0134043 0.15249
0.385771 0.0129236 0.166874
0.35849 0.100935 0.141307
0.355101 0.074438 0.143001
0.388379 0.0747376 0.151351
0.0749195 0.158208 0.0803351
0.0722132 0.129121 0.0727178
0.100218 0.127354 0.0763271
0.0142477 0.155223 0.068993
0.0126968 0.129853 0.0568468
0.0432661 0.132381 0.0646133
0.0142581 0.216901 0.0937077
0.0144157 0.186333 0.0829707
0.0431748 0.188024 0.0867251
0.069679 0.0436051 0.0482611
0.0717168 0.0150665 0.03784
0.103212 0.0130491 0.0496464
0.0141702 0.0425062 0.0248875
0.0141187 0.0141187 0.0123193
0.0425061 0.01417 0.0248874
0.0130462 0.103213 0.0496468
0.0150672 0.0717175 0.0378406
0.0436068 0.0696799 0.0482622
0.188024 0.0431764 0.0867227
0.186333 0.0144157 0.0829698
0.216897 0.0142594 0.0937077
0.132382 0.0432701 0.064614
0.129854 0.0126996 0.0568479
0.155227 0.0142468 0.0689928
0.12735 0.100217 0.0763263
0.12912 0.0722137 0.0727177
0.15821 0.0749182 0.0803311
0.0747531 0.3884 0.151339
0.0744373 0.355114 0.142996
0.100922 0.358492 0.141308
0.0129289 0.38578 0.166875
0.0134027 0.35641 0.152487
0.0441517 0.352297 0.146025
0.0144153 0.440447 0.180921
0.0129149 0.412223 0.181574
0.0466839 0.413097 0.16898
0.0735899 0.272095 0.119494
0.0746 0.242937 0.106498
0.101383 0.241119 0.110064
0.0137156 0.271508 0.11951
0.0139699 0.245237 0.108077
0.0447712 0.246757 0.106654
0.0132514 0.327423 0.142797
0.0127689 0.298005 0.129834
0.0425127 0.296928 0.128487
0.185257 0.272076 0.119935
0.185935 0.243738 0.113879
0.215199 0.244122 0.115108
0.130207 0.270618 0.11666
0.130196 0.243199 0.111686
0.158055 0.243506 0.112709
0.130494 0.327985 0.137349
0.12922 0.300688 0.124916
0.156499 0.303491 0.121694
0.759386 0.160216 0.0894131
0.756572 0.130223 0.0873161
0.785828 0.130944 0.0792825
0.70108 0.158055 0.102002
0.69925 0.129284 0.100383
0.726379 0.129319 0.0945839
0.700436 0.21424 0.110974
0.701344 0.185934 0.106453
0.729597 0.186993 0.101337
0.759518 0.0448552 0.074155
0.759779 0.0144411 0.0694785
0.786851 0.0127091 0.0565741
0.700137 0.0438048 0.094209
0.700536 0.0143243 0.0938979
0.730055 0.0142222 0.0834177
0.701225 0.101011 0.0979453
0.702471 0.0730912 0.0951318
0.730205 0.0730669 0.0905034
0.874434 0.0420906 0.0371287
0.873843 0.0144946 0.0250852
0.90235 0.0141609 0.0123595
0.813849 0.0425388 0.0591292
0.814491 0.0124887 0.0491813
0.844722 0.0152149 0.0379762
0.820019 0.0981306 0.0713576
0.817349 0.070479 0.0670859
0.846299 0.0700385 0.0577059
0.530388 0.160391 0.143013
0.530772 0.130532 0.145706
0.560456 0.13053 0.140134
0.470679 0.157972 0.141511
0.471985 0.130647 0.141313
0.501933 0.130802 0.143196
0.473131 0.214956 0.139144
0.472201 0.18624 0.139968
0.501332 0.186763 0.140464
0.531948 0.0462324 0.159974
0.530723 0.0132439 0.167597
0.559947 0.0136083 0.153092
0.477067 0.0478336 0.166414
0.476278 0.0140788 0.181156
0.504746 0.0130257 0.182082
0.472163 0.101149 0.151857
0.472284 0.0773409 0.161852
0.497026 0.0762307 0.159118
0.644567 0.0442078 0.119572
0.644774 0.0139233 0.119811
0.6719 0.0136161 0.107947
0.591776 0.0435706 0.140343
0.589326 0.0135483 0.14288
0.61833 0.0133078 0.130261
0.586407 0.102216 0.138203
0.589013 0.0737468 0.139211
0.617598 0.0725896 0.128199
0.529405 0.386314 0.128736
0.529551 0.357906 0.1291
0.558245 0.358495 0.129817
0.472828 0.386888 0.129429
0.472745 0.357747 0.131604
0.500998 0.357249 0.130607
0.472514 0.443944 0.128853
0.472645 0.41561 0.128353
0.501271 0.415368 0.128936
0.53062 0.273211 0.135165
0.53062 0.245303 0.136973
0.560178 0.244466 0.135357
0.472169 0.271357 0.133179
0.472732 0.242374 0.136746
0.501579 0.243421 0.135433
0.472421 0.329223 0.132706
0.472168 0.300349 0.134076
0.501327 0.299878 0.134148
0.643786 0.272105 0.128717
0.645394 0.243013 0.126847
0.673754 0.243876 0.119727
0.586525 0.271609 0.130281
0.587736 0.242585 0.129202
0.615703 0.242282 0.128666
0.587592 0.329334 0.127554
0.587519 0.299612 0.129875
0.61609 0.300082 0.129353
0.755931 0.382612 0.142561
0.757828 0.355326 0.138572
0.786274 0.357341 0.140274
0.703737 0.38852 0.132632
0.702795 0.35496 0.135861
0.729194 0.353894 0.136689
0.70135 0.44298 0.140873
0.701496 0.414671 0.136889
0.730864 0.414845 0.143749
0.758404 0.271195 0.113715
0.757185 0.243 0.107337
0.786134 0.24381 0.109164
0.702236 0.272646 0.12364
0.701552 0.243777 0.116742
0.729697 0.24299 0.11224
0.700355 0.325369 0.130734
0.700654 0.301762 0.124191
0.730171 0.302121 0.121023
0.87239 0.272462 0.117679
0.872016 0.24615 0.10619
0.902052 0.244817 0.107055
0.816734 0.27237 0.119397
0.814772 0.243126 0.110509
0.842037 0.244105 0.107217
0.814079 0.329187 0.13881
0.816293 0.298893 0.128241
0.843364 0.299511 0.127468
0.299547 0.386177 0.133456
0.299917 0.35786 0.130855
0.328957 0.358354 0.130243
0.244985 0.386203 0.136698
0.244071 0.356289 0.132939
0.274025 0.356927 0.132314
0.242693 0.444078 0.137344
0.243416 0.415496 0.137676
0.271674 0.415356 0.133552
0.30268 0.27306 0.129158
0.29884 0.243971 0.12461
0.328069 0.243195 0.125984
0.243714 0.270708 0.123656
0.243999 0.24399 0.117157
0.270704 0.243715 0.123653
0.243216 0.32806 0.125993
0.243971 0.298846 0.124622
0.273066 0.302666 0.129157
0.41536 0.271691 0.133545
0.415494 0.243452 0.137651
0.44408 0.242723 0.137331
0.356929 0.274019 0.132316
0.356298 0.24405 0.132942
0.386201 0.244997 0.136686
0.358352 0.328974 0.13025
0.357857 0.299925 0.130863
0.386178 0.299545 0.133456
0.29951 0.843361 0.127469
0.298889 0.816291 0.128246
0.329198 0.814076 0.138817
0.244104 0.842039 0.107223
0.243124 0.814773 0.110514
0.272366 0.816734 0.119401
0.244816 0.902053 0.107054
0.246149 0.872017 0.106192
0.272462 0.872391 0.117678
0.30213 0.730183 0.121041
0.301755 0.700671 0.124186
0.325357 0.700367 0.130733
0.242985 0.729696 0.112239
0.243777 0.701546 0.116732
0.272643 0.702242 0.123633
0.243812 0.786135 0.109166
0.242991 0.757186 0.107339
0.271182 0.758396 0.113724
0.414838 0.730859 0.143763
0.414685 0.701521 0.1369
0.443007 0.701359 0.140879
0.353883 0.7292 0.136699
0.354958 0.702794 0.135875
0.388515 0.703741 0.132652
0.357345 0.786276 0.14029
0.355308 0.757827 0.138586
0.3826 0.755919 0.142584
0.759172 0.841898 0.077816
0.758668 0.813697 0.0829084
0.786881 0.815719 0.0736185
0.701632 0.84378 0.0966979
0.702573 0.815892 0.100396
0.729281 0.815499 0.0921305
0.700928 0.901865 0.0935376
0.699754 0.87322 0.093939
0.728589 0.873441 0.0859333
0.757667 0.72809 0.0957218
0.758409 0.69924 0.102512
0.787634 0.7007 0.101208
0.700767 0.731061 0.107564
0.702555 0.702555 0.113193
0.731063 0.700763 0.107561
0.700699 0.787634 0.101207
0.699243 0.758406 0.102512
0.728091 0.757667 0.0957221
0.873441 0.728589 0.0859326
0.87322 0.699753 0.0939359
0.901865 0.700928 0.0935369
0.815497 0.72928 0.0921304
0.815892 0.702573 0.100394
0.84378 0.701631 0.0966951
0.815719 0.786881 0.0736185
0.813696 0.758667 0.0829085
0.841898 0.759173 0.0778155
0.873176 0.785323 0.0626265
0.871705 0.759455 0.0720335
0.901403 0.759876 0.0690987
0.756813 0.78621 0.084946
0.756803 0.756801 0.0884524
0.786211 0.756813 0.0849483
0.759876 0.901403 0.0690987
0.759454 0.871705 0.0720341
0.785323 0.873176 0.0626269
0.415471 0.785075 0.145727
0.415721 0.758377 0.146854
0.446107 0.759551 0.14241
0.299952 0.787609 0.124703
0.301041 0.759102 0.120636
0.328773 0.758852 0.134302
0.298377 0.903509 0.12995
0.29761 0.874016 0.128142
0.325788 0.872683 0.140441
0.415137 0.329923 0.131782
0.414822 0.30047 0.131565
0.443918 0.301031 0.132688
0.299761 0.329484 0.129453
0.300992 0.300985 0.131896
0.329482 0.299771 0.12946
0.301028 0.443924 0.132696
0.30047 0.414827 0.131568
0.329934 0.415151 0.131779
0.872683 0.32579 0.140441
0.874016 0.297611 0.128141
0.903508 0.298379 0.129949
0.758847 0.328766 0.134282
0.759108 0.301019 0.120608
0.78761 0.299955 0.124693
0.759555 0.446108 0.142416
0.758387 0.415732 0.146848
0.785074 0.415478 0.145722
0.644828 0.331981 0.126231
0.64427 0.301808 0.127702
0.672774 0.300388 0.126062
0.531061 0.330401 0.129895
0.531051 0.300225 0.133653
0.55932 0.301103 0.131706
0.529809 0.444028 0.130443
0.529942 0.415679 0.130207
0.558649 0.415537 0.131027
0.647478 0.100393 0.117793
0.645343 0.0726127 0.119063
0.673757 0.0736678 0.1075
0.528735 0.0983002 0.150309
0.528027 0.0751658 0.151835
0.561587 0.0746346 0.143389
0.530439 0.215579 0.138245
0.531791 0.187181 0.13972
0.561188 0.186391 0.139714
0.872768 0.103802 0.0597377
0.872571 0.0697478 0.048287
0.901497 0.0716909 0.0378162
0.7571 0.101918 0.0851687
0.759166 0.0745322 0.0804961
0.787261 0.0721152 0.0715106
0.75724 0.216355 0.101105
0.75851 0.18882 0.0951293
0.789065 0.188034 0.0940589
0.185901 0.329783 0.127945
0.185466 0.302271 0.122616
0.214751 0.298191 0.123467
0.0745621 0.327962 0.1396
0.0728163 0.299164 0.128625
0.100676 0.298595 0.128611
0.0774066 0.444456 0.161737
0.0763888 0.419259 0.159291
0.100205 0.416223 0.154007
0.187743 0.10164 0.0933563
0.187714 0.0726944 0.090189
0.214177 0.0722565 0.0950341
0.0701134 0.0984602 0.0670912
0.0697297 0.0697286 0.0575097
0.0984583 0.0701125 0.0670904
0.0722507 0.214174 0.0950307
0.0726944 0.187713 0.0901929
0.101643 0.187741 0.0933622
0.416249 0.100161 0.153987
0.419256 0.0763811 0.159302
0.44445 0.0774217 0.161743
0.298596 0.100679 0.128608
0.299164 0.0728179 0.12862
0.327964 0.074558 0.139599
0.298173 0.214752 0.123463
0.302275 0.185463 0.122616
0.32978 0.185913 0.12794
0.188036 0.789067 0.094057
0.18882 0.758514 0.0951261
0.216357 0.757243 0.101106
0.0721164 0.787255 0.0715093
0.0745347 0.759159 0.0804889
0.101917 0.757093 0.0851687
0.0716904 0.901498 0.0378156
0.0697465 0.872573 0.0482856
0.103805 0.872769 0.0597381
0.186393 0.561169 0.139722
0.187152 0.531776 0.139718
0.21557 0.530417 0.138246
0.0746317 0.56159 0.143366
0.075161 0.528039 0.151808
0.0983157 0.528757 0.150286
0.0736699 0.673762 0.107508
0.072614 0.645351 0.11908
0.100392 0.647485 0.11781
0.41553 0.558641 0.131037
0.415664 0.529937 0.130175
0.444044 0.529814 0.130504
0.301081 0.559315 0.131701
0.30024 0.531046 0.133655
0.330398 0.531048 0.129916
0.300402 0.672777 0.12604
0.301825 0.644266 0.127668
0.331999 0.64482 0.12618
0.645031 0.787999 0.11734
0.646414 0.758044 0.115853
0.673591 0.757865 0.109356
0.531734 0.784624 0.147608
0.533106 0.756213 0.143074
0.561006 0.757934 0.139365
0.531554 0.904321 0.168174
0.533208 0.871237 0.160188
0.564523 0.873304 0.146596
0.645622 0.557735 0.133042
0.644705 0.530232 0.134958
0.672546 0.530396 0.133618
0.530966 0.55879 0.127687
0.530151 0.530159 0.127118
0.558791 0.530974 0.1277
0.530396 0.672545 0.133595
0.530217 0.644685 0.13493
0.557735 0.645618 0.13305
0.873306 0.564526 0.146597
0.871239 0.533211 0.160188
0.904326 0.531557 0.168173
0.75793 0.561019 0.139385
0.756205 0.533115 0.143086
0.784626 0.531735 0.147609
0.75787 0.673591 0.109356
0.758044 0.64642 0.115854
0.787999 0.645035 0.117341
0.871213 0.670866 0.106015
0.872318 0.644203 0.117887
0.902484 0.644849 0.119012
0.644687 0.673955 0.129293
0.643872 0.643872 0.128827
0.67395 0.644681 0.129295
0.644848 0.902485 0.119011
0.644203 0.872318 0.117886
0.670867 0.871214 0.106015
0.414739 0.673087 0.13202
0.41514 0.644969 0.131581
0.443709 0.643537 0.131367
0.186063 0.672699 0.114577
0.185361 0.644869 0.122413
0.214622 0.647 0.124899
0.186589 0.902155 0.0830265
0.18891 0.873492 0.0868987
0.217468 0.873525 0.0944553
0.414104 0.21611 0.13797
0.414234 0.186507 0.140099
0.443759 0.18624 0.140429
0.186681 0.215437 0.105695
0.187486 0.187485 0.099499
0.215437 0.186684 0.105695
0.186316 0.443736 0.140472
0.186514 0.414296 0.140135
0.216095 0.414108 0.138023
0.873525 0.21747 0.0944511
0.873492 0.18891 0.0868977
0.902154 0.186587 0.0830253
0.647013 0.214621 0.124911
0.64487 0.18536 0.122408
0.672692 0.18606 0.114574
0.643572 0.443714 0.13136
0.64498 0.415157 0.131554
0.673082 0.414729 0.131994
0.868918 0.439891 0.166667
0.868581 0.4119 0.169438
0.903314 0.412081 0.181724
0.415373 0.44383 0.129127
0.415067 0.41506 0.129635
0.443839 0.415375 0.129121
0.412082 0.903316 0.181725
0.411904 0.868584 0.169437
0.439891 0.868916 0.166665
0.873251 0.901279 0.0256435
0.872997 0.872997 0.0383457
0.901279 0.873251 0.0256436
-0.00265378 -0.002653 0.00233561
0.00265853 0.00264807 -0.00233553
-0.341325 -0.0601363 -0.0296467
-0.449317 -0.0791589 -0.0390233
-0.0448668 0.0448883 -1.49744e-05
-0.0461177 0.0461439 -1.53198e-05
0.0791725 0.449401 0.0389998
0.0601257 0.341283 0.0296178
0.0298036 0.010654 0.0103024
0.120449 0.0430651 0.0416372
-0.00213377 -0.00473983 0.00117909
0.0598122 0.132958 -0.0330558
-0.161559 0.0827993 0.0333511
-0.0894403 0.0458357 0.0184622
-0.193644 -0.0505668 -0.0595926
0.0425648 0.0111185 0.0130993
0.14552 0.145419 0.0460092
-0.145505 -0.145437 -0.0460095
-0.010758 -0.0419499 -0.0129315
0.0497357 0.193722 0.0597219
-0.0458496 0.0893431 -0.0184886
-0.0827736 0.161316 -0.0333771
-0.132693 -0.0597698 0.0330803
0.00503005 0.00226811 -0.00125507
-0.0442279 -0.120684 -0.0417216
-0.0106674 -0.0291058 -0.0100622
-0.0302189 -0.0207605 0.0135182
0.116604 0.0800556 -0.0521605
0.0667942 0.0668145 -0.0327128
-0.0668907 -0.0668977 0.0327568
-0.0802648 -0.116808 0.0522655
0.0208122 0.0302787 -0.0135483
-0.0206044 0.0169179 -0.00586021
0.0310392 -0.0254706 0.00882327
0.131763 0.0695381 0.0419776
-0.127062 -0.0670432 -0.0404794
0.208309 -0.0253912 0.0442947
-0.0740277 0.00902561 -0.0157417
-0.224747 -0.3399 -0.0486569
0.1594 0.241088 0.0345122
0.0393445 0.0389311 0.00802992
-0.0395864 -0.0391826 -0.00808052
-0.241928 -0.159446 -0.0345099
0.340243 0.224231 0.0485345
-0.00902301 0.0740936 0.015758
0.0253938 -0.208464 -0.0443373
0.0670462 0.127257 0.0405639
-0.0696104 -0.132134 -0.0421181
0.0253847 -0.0310882 -0.00880372
-0.017031 0.0208589 0.00590658
-0.0133549 0.142341 0.0543336
-0.0316976 0.337648 0.128876
-0.0715203 0.116502 -0.00446669
-0.0219201 0.0356957 -0.00136957
0.0165777 0.00531386 0.000724986
0.00384919 0.00122339 0.000168083
-0.0951398 -0.0670565 0.0314697
0.113262 0.0798256 -0.0374625
-0.0160508 -0.014947 0.00239002
-0.138605 -0.129024 0.0206352
-0.0357598 0.0202466 -0.0105627
0.187291 -0.10598 0.0553175
-0.181873 -0.0928017 -0.03332
0.0208721 0.0106461 0.00382527
0.0477022 0.00392709 0.00749847
-0.176304 -0.0145125 -0.027714
-0.00923008 0.0361143 0.00171874
-0.016937 0.0663432 0.00316249
-0.128924 0.0452729 -0.0405204
0.0888214 -0.0311894 0.0279165
0.0604975 -0.210343 0.0245597
-0.0114024 0.0396543 -0.00462956
-0.0156177 0.0510646 -0.027253
-0.0246556 0.0806275 -0.0430308
-0.104933 -0.0644225 -0.0384192
-0.0786706 -0.0482927 -0.0288013
0.0784877 -0.0784556 -1.94165e-06
0.0784742 -0.0784409 -1.82422e-06
0.0483042 0.0786633 0.0287653
0.064366 0.104825 0.0383309
-0.0802937 0.0227216 0.042833
-0.0517588 0.0146536 0.0276105
-0.0394192 0.0112871 0.00458976
0.210386 -0.0602033 -0.0244895
0.0312379 -0.0879488 -0.027583
-0.0454586 0.127981 0.040138
-0.0662557 0.0170874 -0.00311038
-0.0365212 0.00941934 -0.00171436
0.0143873 0.17625 0.0277201
-0.00389892 -0.0477514 -0.00751006
-0.0107512 -0.021063 -0.00385832
0.0928299 0.181849 0.033308
0.105918 -0.185831 -0.0551215
-0.0205673 0.0360871 0.0107041
0.128603 0.137576 -0.0209418
0.0156559 0.016752 -0.00254972
-0.0797549 -0.113535 0.037365
0.0667949 0.0950778 -0.031293
0.000267429 0.000474862 2.32152e-05
-0.00787736 -0.0135143 -0.000667867
-0.0354291 0.0217013 0.00134735
-0.11843 0.0725978 0.00451239
-0.336954 0.031326 -0.128179
-0.141617 0.0131582 -0.0538752
-0.0192052 0.151472 0.0906838
-0.0127107 0.100285 0.0600398
0.132745 -0.0210939 0.000838109
0.322281 -0.0512104 0.00203543
-0.0712367 -0.0703239 -0.0345132
0.073403 0.0724704 0.0355666
0.0608838 -0.0656382 -0.00265247
0.0512799 -0.0552942 -0.00223505
-0.19719 0.197168 -2.00843e-05
-0.197112 0.197099 -1.86206e-05
0.0561311 -0.0517499 0.00215282
0.0662186 -0.0610645 0.00253877
-0.0725896 -0.0734434 -0.0356238
0.0703183 0.0711826 0.0345092
0.0507255 -0.321833 -0.00204432
0.0209445 -0.132967 -0.000849049
-0.100138 0.0126763 -0.0600101
-0.151271 0.01916 -0.0906503
0.126616 0.125212 -0.0296281
-0.384053 -0.379794 0.0898681
0.133806 0.133714 -0.0327313
-0.133789 -0.133711 0.0327288
0.37986 0.384075 -0.0898596
-0.125223 -0.12661 0.029622
-0.218099 -0.140716 0.0251344
-0.106684 -0.0688309 0.0122946
-0.0162864 0.00473349 0.000375147
0.0895471 -0.0260296 -0.00206154
-0.0125714 0.00986576 -0.00118162
0.05838 -0.0457773 0.00547811
0.0270494 -0.0449612 -0.00610532
0.000547331 -0.000917946 -0.000123505
0.0270991 -0.0271249 2.00519e-06
0.0272201 -0.0272529 4.81149e-06
0.00110362 -0.000665072 0.000149846
0.044995 -0.0269944 0.00608123
0.0457412 -0.0583962 -0.00546979
-0.00982179 0.0125417 0.00117426
0.0260603 -0.0894547 0.00204129
-0.00473811 0.0162656 -0.000371308
0.0688506 0.106697 -0.0122962
0.14071 0.218054 -0.0251296
0.0715566 -0.109605 0.0321815
0.0669792 -0.102607 0.0301212
-0.052545 0.190779 0.0638625
-0.0703105 0.255301 0.0854618
0.11535 0.0355631 -0.0323255
0.0444979 0.0137135 -0.0124707
-0.103021 0.0825334 0.00826012
-0.0705202 0.0564794 0.00565018
-0.153574 -0.148928 0.0118806
0.00752252 0.00730224 -0.0005833
-0.0706555 -0.0742956 -0.0693729
-0.0896894 -0.0943157 -0.0880615
-0.0183825 -0.0185309 -0.00776924
0.106108 0.106965 0.0448459
-0.114529 0.013435 -0.0369693
-0.0564347 0.00663267 -0.0182182
0.0690757 -0.236542 0.0229968
-0.00820891 0.0281593 -0.00273173
0.0862357 -0.0500828 -0.0130928
-0.0734645 0.0426675 0.0111543
0.167519 -0.186526 -0.0494607
0.0490994 -0.0546785 -0.014499
-0.103573 0.0528641 -0.00463627
-0.161567 0.0824578 -0.00723266
0.184994 -0.06118 0.0944658
-0.0934658 0.030909 -0.0477276
0.037541 0.0378968 0.0121698
-0.037682 -0.0380427 -0.0122161
-0.0308725 0.0936963 0.0479282
0.060939 -0.185026 -0.094644
-0.0829323 0.161867 0.00733311
-0.0532337 0.103924 0.00470868
0.0547281 -0.0491535 0.0143976
0.186762 -0.167752 0.0491323
-0.0425821 0.0732257 -0.0110858
0.0504655 -0.086777 0.0131382
-0.0281216 0.0082438 0.00274465
0.236428 -0.0692796 -0.0230632
-0.00657522 0.0564373 0.0182169
-0.0133529 0.11458 0.0369849
-0.107045 -0.106115 -0.0448149
0.0185925 0.0184257 0.00778146
0.0945302 0.0903045 0.0886552
0.074296 0.0709721 0.0696759
-0.00716292 -0.0073589 0.000574135
0.149173 0.153196 -0.0119627
-0.0565084 0.070483 -0.00572159
-0.0827225 0.103191 -0.00837453
-0.0134566 -0.0443705 0.0124404
-0.0347492 -0.114573 0.0321232
-0.254938 0.0702715 -0.0851136
-0.191959 0.052907 -0.0640884
0.102542 -0.0667084 -0.0298642
0.10952 -0.0712562 -0.0319018
0.0468121 -0.000888979 0.00407069
-0.144511 0.00273325 -0.0125652
0.112624 -0.0325039 0.000583383
0.0551745 -0.0159137 0.000286281
-0.0452235 -0.0279022 -0.00588498
0.221997 0.136975 0.0288908
-0.0163403 -0.0127715 -0.000883923
-0.0581722 -0.0455436 -0.00314925
-0.0461805 0.030928 0.00699789
-0.0590477 0.0395312 0.00894356
-0.00744577 -0.0323017 -0.0083326
0.0277792 0.120437 0.0310653
0.0242667 -0.0128638 0.00141888
0.0582188 -0.0308325 0.00340365
-0.0705277 0.0322933 -0.000885113
-0.0839534 0.0384351 -0.00105333
-0.00104848 -0.0523584 -0.00509355
-0.0011488 -0.0566133 -0.00550896
0.0100325 0.00250111 -0.00459882
0.0946243 0.0234482 -0.0433716
-0.00394678 0.0685014 -0.00402001
0.00102299 -0.0178657 0.00105176
-0.0440316 -0.0347316 0.0332331
-0.0487839 -0.0384826 0.0368201
-0.281459 -0.221405 0.117807
0.196256 0.154372 -0.0821388
0.100404 -0.167963 0.141697
-0.117508 0.196568 -0.16583
-0.0923756 0.104284 -0.0084717
-0.0939651 0.106077 -0.00861723
0.0105343 0.0579764 0.0148691
0.0283196 0.155695 0.0399304
0.0401878 -0.101154 -0.0288306
0.158576 -0.399071 -0.113745
0.176325 -0.271217 -0.0752017
0.112295 -0.172747 -0.0478978
-0.131722 -0.108081 0.0164842
0.136458 0.111968 -0.0170767
-0.0654777 -0.0404614 0.00835484
0.0251 0.0155081 -0.00320346
1.24719e-06 8.50068e-06 3.2349e-06
0.00726449 0.000541709 -0.00299819
-0.0038143 -0.0181281 -0.000965801
0.00491907 0.0233687 0.00124499
-0.0752927 -0.171022 -0.00675595
0.0234084 0.05317 0.00210034
-0.0221231 0.115757 0.0433448
-0.0142995 0.0748232 0.0280174
-0.0419508 0.00719967 0.0107674
-0.0785749 0.0134898 0.020168
-0.0276625 -0.0715327 -0.00119846
-0.0515112 -0.133171 -0.00222849
-0.0748576 0.0880204 0.0214977
-0.0880273 0.103506 0.0252799
0.00162867 0.00264881 0.00162172
0.0403852 0.0659899 0.0404947
-0.0609261 -0.0109118 -0.0102754
0.0970004 0.0173771 0.0163599
-0.0940203 -0.006724 -0.0161002
0.15516 0.0110859 0.0265682
0.0445492 -0.010285 -0.00717624
0.217651 -0.0502427 -0.0350583
0.036993 0.0197272 0.00165585
0.0996726 0.0531403 0.00445907
0.10577 -0.046488 -0.020589
-0.0372404 0.0163608 0.00724782
-0.176806 0.200999 0.0240509
-0.153013 0.173945 0.0208141
0.078408 -0.110924 -0.0961974
0.0972192 -0.137512 -0.119261
0.00253935 0.0283696 0.0171381
-0.0145366 -0.162848 -0.0983693
0.0100765 -0.00454427 0.00326105
0.121668 -0.0548449 0.0393775
0.113349 0.162716 0.0902656
-0.05908 -0.0848149 -0.0470488
0.125531 0.213592 0.0229567
-0.101736 -0.173104 -0.0186053
0.0327271 0.00472235 0.0115762
0.237085 0.0342048 0.0838599
0.041571 -0.0415746 -1.60613e-06
0.0415709 -0.0415724 -6.7968e-07
-0.0341659 -0.23693 -0.0838157
-0.00471629 -0.0327093 -0.011571
0.173174 0.101769 0.01858
-0.21379 -0.125633 -0.0229367
0.0847308 0.0589983 0.0469941
-0.162769 -0.113343 -0.0902808
0.0549909 -0.121687 -0.0394194
0.00455132 -0.0100756 -0.00326406
0.163612 0.0157229 0.0987697
-0.0280375 -0.00269846 -0.0169265
0.137503 -0.0971781 0.119113
0.111148 -0.0785503 0.0962816
-0.174278 0.153334 -0.0206797
-0.201259 0.177048 -0.0238788
-0.0164045 0.037214 -0.00725114
0.0466129 -0.1057 0.0205991
-0.0530101 -0.0994807 -0.00442973
-0.0198087 -0.0371517 -0.00165664
0.0501929 -0.21777 0.0350602
0.0102536 -0.0445055 0.00716368
-0.0107638 -0.154973 -0.0264909
0.00650888 0.0938285 0.0160377
-0.0172728 -0.0972251 -0.0164024
0.0108759 0.0612182 0.0103279
-0.0665993 -0.0393269 -0.0416863
-0.00296315 -0.00174002 -0.00185948
-0.10375 0.0882886 -0.0252333
-0.0883313 0.0751642 -0.0214837
0.1331 0.0514108 0.00220946
0.0717579 0.0277153 0.00119153
-0.0138245 0.0792217 -0.0203406
-0.00739474 0.0423499 -0.010874
-0.0747431 0.0143629 -0.027969
-0.115776 0.0222471 -0.0433236
-0.052632 -0.0231442 -0.00207977
0.170999 0.0752081 0.00675466
-0.023789 -0.00520037 -0.00127627
0.0185097 0.00403732 0.000993089
-0.000544309 -0.007269 0.00299908
-1.88899e-06 1.01576e-06 -1.29546e-06
-0.0155265 -0.0251287 0.00320713
0.0404775 0.065504 -0.0083589
-0.111963 -0.136421 0.0170275
0.108071 0.131687 -0.0164384
0.173565 -0.113208 0.0472339
0.271236 -0.176914 0.0738139
0.39917 -0.158523 0.111403
0.099514 -0.0395195 0.0277729
-0.154759 -0.0282705 -0.0394635
-0.0594279 -0.0108515 -0.0151541
-0.107299 0.0949362 0.00898177
-0.104434 0.0924017 0.00874189
-0.196706 0.117238 0.16567
0.167833 -0.100027 -0.141352
-0.153869 -0.195377 0.0814809
0.22178 0.281594 -0.117443
0.0387323 0.0490004 -0.0370073
0.0346871 0.0438784 -0.0331393
0.0176844 -0.00101949 -0.00103853
-0.0683384 0.00397137 0.00399672
-0.0233956 -0.0948851 0.0435134
-0.00253457 -0.0102892 0.00471849
0.0542042 0.00407638 0.00564111
0.0526596 0.00397279 0.00548159
-0.0370627 0.083017 0.000746653
-0.0309038 0.0692617 0.000622016
0.0313717 -0.0606082 -0.00320906
0.0124771 -0.0241055 -0.00127632
-0.120185 -0.0275661 -0.030815
0.033011 0.00757188 0.00846382
-0.0405564 0.0590299 -0.00923486
-0.0316393 0.0460066 -0.00720626
0.0461823 0.0581355 0.00323076
0.0130785 0.0164746 0.000915255
-0.137572 -0.222675 -0.0291287
0.0283058 0.0457938 0.00599478
0.0156264 -0.0554108 -0.000239136
0.0318331 -0.112899 -0.000487498
-0.000664233 0.14339 0.0120685
0.000221137 -0.0483492 -0.00406904
-0.0195904 -0.010361 0.00992233
0.085576 0.0452861 -0.0433404
0.20153 0.260168 -0.0394906
-0.216425 -0.279394 0.0424094
-0.00229475 -0.021715 0.00787403
-0.00721451 -0.0680936 0.0246999
0.0348714 -0.00376153 0.0195391
-0.234179 0.0252684 -0.131215
-0.12714 -0.227885 -0.0485243
0.129114 0.231465 0.049291
0.0539118 -0.143945 -0.0301387
-0.0281319 0.0750941 0.0157216
0.330308 -0.306894 -0.0334636
0.503593 -0.467927 -0.0510165
0.113998 -0.137583 0.057418
-0.0246972 0.0298199 -0.0124427
0.108396 0.014044 0.00935923
-0.0895233 -0.0115946 -0.0077304
0.19284 0.103388 0.0169123
-0.0844795 -0.0452847 -0.00741016
-0.0163971 -0.0439089 -0.00853663
0.0381125 0.10193 0.0198243
0.152045 0.142598 0.015541
-0.168403 -0.157943 -0.0172125
-0.0588832 -0.0567683 -0.00674676
0.0383966 0.0370226 0.00440003
0.0184525 0.0201124 0.000214451
-0.018962 -0.0206465 -0.000220294
-0.0370111 -0.0368767 -0.00446329
0.0569961 0.0567829 0.00687334
0.158298 0.169482 0.0174968
-0.142425 -0.152517 -0.0157498
-0.10327 -0.0374027 -0.0196638
0.0432561 0.0156763 0.00823791
0.0439311 0.083148 0.00735535
-0.101662 -0.19239 -0.0170169
0.0116088 0.0895157 0.00771939
-0.0140503 -0.108324 -0.00934094
-0.0298285 0.024746 0.0124349
0.137466 -0.113939 -0.0572863
0.467728 -0.503539 0.0511238
0.306839 -0.33031 0.0335342
-0.0745453 0.0280196 -0.0156234
0.144378 -0.0542621 0.0302601
-0.230264 -0.128378 -0.0492674
0.227129 0.126641 0.0485944
-0.0252635 0.234027 0.131031
0.00377801 -0.0349798 -0.019585
0.067939 0.00721983 -0.0246646
0.0217879 0.00232375 -0.00791374
0.279497 0.216379 -0.042377
-0.260268 -0.201507 0.0394648
-0.0450079 -0.0855057 0.0433022
0.0103227 0.0196158 -0.00993424
0.0834006 0.0303955 -0.0341092
-0.047223 -0.0172127 0.0193141
0.0436546 0.0640399 -0.0272563
-0.041368 -0.0606697 0.0258219
-0.0797822 -0.039833 0.0132374
-0.0198198 -0.00989648 0.00328887
0.235572 0.0939951 0.0762144
0.117746 0.0469868 0.0380952
0.0523921 -0.0523817 -2.78243e-05
0.0525331 -0.0525328 -2.82179e-05
-0.0468289 -0.117369 -0.0382065
-0.093908 -0.235333 -0.0766092
0.00987812 0.019809 -0.0032808
0.0397439 0.0797146 -0.0131997
0.060684 0.0414017 -0.0258251
-0.0640286 -0.0436836 0.0272485
0.0171558 0.0471456 -0.0192618
-0.0303387 -0.0833786 0.0340644
-0.0421137 0.0553212 0.0121047
-0.0489746 0.064335 0.0140767
-0.00325669 -0.165249 -0.033577
-0.00218145 -0.110507 -0.0224543
0.0366771 0.0331744 0.00246913
0.0124823 0.0112891 0.000840275
0.0758237 0.109501 -0.0525135
-0.00199943 -0.00288583 0.001384
-0.128085 0.106064 -0.0252941
-0.19382 0.160482 -0.0382732
-0.127514 0.0103676 -0.0146252
-0.112205 0.00912618 -0.0128694
0.043542 0.0171373 0.0278296
0.00256672 0.00101211 0.00164033
0.00461736 0.123962 -0.0341451
0.00496824 0.133298 -0.0367155
0.0513027 0.0278484 0.00542494
-0.0148844 -0.00807634 -0.00157451
0.00612849 -0.0354012 -0.00968588
-0.0327679 0.189002 0.0517083
-0.0021722 0.0979245 0.0154889
0.00790847 -0.355743 -0.056269
-0.00255694 0.0316015 0.00899982
0.0308137 -0.381333 -0.108586
0.00631951 0.00698481 0.00271242
-0.0324605 -0.035757 -0.0138963
0.11481 0.114793 0.0466457
-0.114804 -0.114808 -0.0466475
0.0357916 0.0324875 0.0139073
-0.00693899 -0.00628313 -0.00269473
0.38139 -0.0281587 0.106235
-0.0307615 0.00227504 -0.00856982
0.354747 -0.00835902 0.0555732
-0.0974536 0.00228654 -0.0152664
-0.187833 0.0328112 -0.0511716
0.0353318 -0.00617735 0.00962513
0.00814555 0.0149537 0.00157245
-0.0279257 -0.0513114 -0.00539994
-0.133353 -0.00491792 0.0367536
-0.123958 -0.00456448 0.034167
-0.00106719 -0.0026982 -0.00172399
-0.0171705 -0.0435002 -0.027797
-0.00895762 0.111587 0.0130258
-0.0102631 0.127943 0.014935
-0.159784 0.193508 0.0385508
-0.105585 0.127868 0.0254741
0.00282987 0.00196562 -0.00135783
-0.109679 -0.0760386 0.0526209
-0.0155886 -0.0149682 -0.000976861
-0.033149 -0.0318042 -0.0020765
0.109894 -0.000807435 0.0221513
0.166107 -0.00120125 0.0334839
-0.0657315 0.0516816 -0.015004
-0.0561478 0.0441421 -0.0128153
0.00129898 -0.0144474 -0.00196025
-0.0302018 0.335923 0.0455791
-0.141616 0.161768 0.0381401
0.0418774 -0.0478544 -0.0112873
0.0347128 -0.245275 -0.176919
0.015492 -0.10948 -0.0789688
0.0425595 0.0468014 0.00281977
-0.00831053 -0.00914829 -0.000550902
0.0458867 0.0454484 0.00215375
-0.0459607 -0.0454931 -0.00215656
0.00887272 0.00766516 0.000533315
-0.0479746 -0.0415235 -0.00288618
0.109589 -0.0154202 0.0790577
0.244947 -0.0344512 0.176705
0.0479641 -0.0419145 0.0113158
-0.161964 0.141535 -0.0382111
-0.336074 0.0304252 -0.0454918
0.0142613 -0.00128878 0.00193168
0.036654 -0.0327069 -0.0013924
0.115331 -0.102897 -0.00438741
-0.0361104 -0.0361181 0.0292665
0.0361132 0.0361134 -0.0292658
0.1029 -0.115319 0.0043825
0.0326999 -0.0366488 0.00139374
0.0080309 -0.0115277 0.00109229
0.0480375 -0.068997 0.00654646
0.0639726 0.0172841 -0.0229457
0.200018 0.0540411 -0.0717425
0.0238867 -0.0626592 0.0136578
0.0732303 -0.192095 0.0418706
0.141759 -0.156498 0.0324035
0.137529 -0.151825 0.0314353
0.0391953 -0.0391938 -3.15919e-07
0.0391868 -0.0391962 -5.26297e-07
0.151831 -0.137523 -0.031439
0.156503 -0.141755 -0.0324061
0.192089 -0.0732233 -0.0418694
0.0626516 -0.0238822 -0.0136562
-0.05404 -0.199982 0.0717331
-0.0172832 -0.0639713 0.0229452
0.0689875 -0.0480474 -0.00654097
0.0115334 -0.00802794 -0.00109488
-0.0989954 -0.126745 0.055084
-0.0251119 -0.0321773 0.01398
-0.124482 -0.12887 -0.0180188
0.132506 0.137169 0.0191771
0.0775459 0.109446 0.0320524
-0.124794 -0.176138 -0.0515837
-0.112102 0.019262 0.00730437
-0.0619737 0.0106486 0.0040381
0.0536097 0.0139571 0.000144904
0.162877 0.042407 0.000440459
-0.138687 -0.0970172 -0.0468674
-0.0743156 -0.0519888 -0.0251138
0.00560321 0.0782132 0.0166428
0.0147463 0.206377 0.0439059
-0.113026 0.105775 0.0218778
-0.158136 0.147985 0.0306081
-0.111516 -0.0823853 -0.116166
0.100283 0.0740818 0.104463
-0.00471751 0.00391605 0.000216497
-0.0525289 0.0435189 0.00241293
0.00480143 -0.00147994 -0.000309451
0.0847541 -0.0261088 -0.00546413
-0.00734316 0.0157374 -0.00314577
0.0151365 -0.0324783 0.00649099
-0.00654867 -0.115525 -0.00659992
-0.000441112 -0.00767977 -0.000437812
0.120535 -0.120861 8.83449e-05
0.120649 -0.120961 8.69429e-05
0.00796029 0.000500429 0.000442796
0.115997 0.00718434 0.00646974
0.0337989 -0.0146989 -0.00665258
-0.0166437 0.00724501 0.00327638
0.0248175 -0.084037 0.00561808
0.0010972 -0.00372404 0.000249263
-0.0444461 0.0513788 -0.0022403
-0.00369133 0.00427078 -0.000186305
-0.073987 -0.10028 -0.104474
0.0822236 0.111427 0.116092
-0.147971 0.158179 -0.0306643
-0.105828 0.113133 -0.021931
-0.206689 -0.0151393 -0.0440221
-0.078168 -0.00573138 -0.0166501
0.0517771 0.0739676 0.0250303
0.0968638 0.138356 0.0468182
-0.0425807 -0.162585 -0.000480931
-0.0139494 -0.0532561 -0.000157667
-0.0106354 0.0616261 -0.00399437
-0.0193133 0.111954 -0.00725742
0.175971 0.124868 0.0515946
-0.109314 -0.0775882 -0.0320517
-0.137285 -0.132436 -0.0193064
0.128915 0.124347 0.0181335
0.0321385 0.0250872 -0.0139539
0.126798 0.0989997 -0.0550578
0.175046 -0.0930937 -0.00510666
0.254362 -0.135275 -0.0074206
0.0871282 0.00289239 0.0114598
0.073559 0.00244122 0.00967472
0.288163 -0.157299 0.0263015
0.328979 -0.179584 0.0300268
0.00343364 0.0486852 0.00454241
0.00560791 0.0793755 0.00740495
-0.137861 -0.0249034 0.0261154
0.0188247 0.00340473 -0.00356614
-0.238039 0.142274 0.00749386
-0.0930759 0.0556335 0.00293078
0.0015035 0.00311853 4.86745e-05
0.00248238 0.00511586 7.97377e-05
0.0306383 0.0333867 -0.00193076
0.039826 0.0434019 -0.00250988
0.0243278 -0.0768807 0.0115559
0.0260575 -0.0823357 0.0123762
0.0516084 -0.139699 -0.0219223
-0.0135252 0.0365995 0.00574403
-0.122398 0.0172791 0.0167445
-0.108785 0.0153547 0.014882
0.00981406 -0.117121 -0.00951628
0.00112973 -0.0135306 -0.0010979
0.0619062 -0.0322342 -0.0293356
-0.0167296 0.00871401 0.00792684
0.0738994 -0.204575 -0.0240576
0.0660629 -0.182857 -0.0215069
-0.0427959 0.10875 -0.00662826
-0.0538281 0.136779 -0.00833594
0.0619603 0.0373387 -0.0205171
0.102978 0.0620583 -0.0340992
-0.150345 0.107805 0.054929
-0.13684 0.0981226 0.049995
-0.0353373 0.139739 0.00717147
-0.0177462 0.0701276 0.00360055
-0.105902 0.0754759 0.0595866
-0.165803 0.11817 0.0932925
-0.0595642 0.0496931 0.0135016
-0.0997606 0.0832197 0.0226152
-0.394943 0.375583 0.0778287
-0.121957 0.11598 0.0240334
-0.0223461 -0.173821 -0.054033
-0.00475463 -0.0369836 -0.0114965
0.0001686 5.94892e-06 -8.54856e-06
-0.130105 -0.00564023 0.00631557
0.237955 -0.169441 -0.0398277
-0.045049 0.0320796 0.00754017
0.0309944 -0.13342 -0.0450532
-0.0126232 0.0543541 0.018354
-0.0403028 -0.103374 -0.0230172
0.00241337 0.00618787 0.00137767
0.0209925 0.0117128 0.00122305
0.0838478 0.0467909 0.00488775
-0.0376386 0.0495303 -0.00425833
-0.0296883 0.0390916 -0.00336681
-0.0492195 0.0221191 0.0282053
0.299627 -0.1347 -0.17172
0.0823182 0.0510134 0.0294743
0.12667 0.0785079 0.0453555
0.255546 0.0192601 -0.0765309
0.128693 0.0096926 -0.0385442
0.00943103 0.165158 -0.0227018
-0.0080282 -0.140693 0.0193389
-0.225172 -0.145876 -0.0503032
0.317374 0.205625 0.0709007
0.123651 0.317408 0.128688
-0.0421568 -0.108234 -0.0438834
-0.122584 0.321739 -0.18653
-0.0128939 0.0338241 -0.0196101
-0.423161 -0.146801 -0.13068
0.131832 0.0457234 0.0407104
0.0488427 0.0445247 0.0152491
-0.0522329 -0.0476096 -0.0163072
6.24563e-05 0.000136023 1.89617e-05
0.014983 0.0312179 0.00450742
-0.0176997 0.0382233 -0.00571436
0.0154514 -0.033369 0.00498848
0.0743946 0.0507644 0.0160524
-0.0594236 -0.0405503 -0.0128226
0.0917296 0.0917706 0.0210781
-0.0917937 -0.0918315 -0.0210925
0.0404832 0.0593303 0.0128105
-0.0506112 -0.0741782 -0.0160154
0.033358 -0.0156786 -0.00506939
-0.037921 0.0178213 0.00576218
-0.0313355 -0.0150038 -0.00451237
-0.00019997 -0.000101837 -3.02582e-05
0.047747 0.0523416 0.0163538
-0.044673 -0.0489702 -0.0153005
-0.0465676 -0.131691 -0.0412505
0.149658 0.423164 0.132554
-0.036209 0.0137518 0.0210991
-0.322749 0.122593 0.188068
0.110537 0.043252 0.0450384
-0.31915 -0.12488 -0.130038
-0.206198 -0.319108 -0.0723984
0.145969 0.225903 0.0512523
0.141348 0.00733313 -0.0194853
-0.166483 -0.00863617 0.0229501
-0.0107426 -0.12886 0.0382717
-0.0213437 -0.256096 0.0760638
-0.078894 -0.127552 -0.0457963
-0.0510898 -0.082612 -0.0296605
0.135446 -0.300731 0.172936
-0.0217161 0.0482237 -0.0277298
-0.0377363 0.0290614 0.00324418
-0.0491499 0.0378514 0.00422536
-0.0467615 -0.0837198 -0.00489041
-0.0117324 -0.0210018 -0.00122741
-0.00620928 -0.00239882 -0.00138514
0.103637 0.0400068 0.0231233
-0.0544167 0.0125772 -0.0183818
0.133439 -0.0308375 0.0450752
-0.0320285 0.0449785 -0.00752728
0.169464 -0.237982 0.039827
0.00557268 0.130131 -0.00633194
-8.99751e-06 -0.000209384 1.018e-05
0.0370099 0.00478838 0.0115089
0.174094 0.0225443 0.0541358
-0.115969 0.121995 -0.024031
-0.375637 0.395162 -0.0778395
-0.0832162 0.0997572 -0.0225992
-0.0496905 0.0595648 -0.0134933
-0.118179 0.165814 -0.0933338
-0.0754783 0.105899 -0.0596099
-0.0692215 0.0171904 -0.0035552
-0.140123 0.034791 -0.00719578
-0.0984269 0.136913 -0.0502766
-0.107857 0.150054 -0.0551017
-0.0621449 -0.102871 0.0342141
-0.0375802 -0.0622098 0.0206906
-0.13749 0.0535944 0.00860842
-0.109612 0.0427293 0.00686203
0.183456 -0.0669511 0.0220497
0.205382 -0.0749571 0.0246865
-0.00910003 0.016934 -0.00795284
0.032689 -0.060844 0.0285769
0.0131858 -0.00110591 0.00107491
0.116875 -0.00976693 0.00951474
-0.0151966 0.108672 -0.0148666
-0.0171306 0.122527 -0.0167617
-0.0365395 0.0133691 -0.0057013
0.140224 -0.0512927 0.0218775
0.0802093 -0.0249197 -0.0121532
0.0724176 -0.0225042 -0.0109732
-0.0413873 -0.0379695 0.0028063
-0.0350272 -0.0321399 0.0023752
-0.00977794 -0.00146335 -0.000234012
-0.00625334 -0.0009384 -0.00014963
-0.0559124 0.0941609 -0.00313874
-0.142743 0.240415 -0.00801077
-0.00325792 -0.017942 0.00338489
0.0251493 0.138481 -0.0261256
-0.0749979 -0.00549531 -0.00720721
-0.0489636 -0.00359099 -0.00470503
0.180954 -0.328432 -0.0304175
0.158798 -0.288244 -0.026696
-0.00451739 -0.071932 -0.0107253
-0.00538146 -0.0858188 -0.0127919
0.135998 -0.254902 0.00613684
0.0933783 -0.17499 0.00421094
0.114724 0.0115397 -0.0411089
-0.0419687 -0.00423252 0.01504
-0.0445481 0.021097 0.0139029
0.110445 -0.0523255 -0.0344687
0.0448568 -0.0142795 -0.0148792
0.123396 -0.0392459 -0.0409304
-0.0773458 -0.241971 0.031808
-0.00793434 -0.0248223 0.00326294
0.0437478 -0.187677 -0.0259584
0.0243007 -0.104237 -0.0144185
0.0182214 0.0236929 -0.00868138
0.0414333 0.0538602 -0.0197392
0.0696215 -0.070798 -0.0342717
0.0691233 -0.0702854 -0.0340265
0.0634068 -0.213177 -0.0422576
0.00735058 -0.0247091 -0.00489852
-0.0139596 0.0438423 0.00980258
-0.00669516 0.021018 0.00470074
-0.107104 0.0662724 0.010678
-0.113683 0.0703412 0.0113337
0.241254 0.115342 -0.023173
-0.198827 -0.0950464 0.0190963
0.256251 -0.0269926 0.138083
-0.102034 0.0107357 -0.0549752
0.07061 0.0936621 0.0173689
-0.0181081 -0.0240153 -0.00445357
-0.0542313 0.0543748 6.29469e-05
-0.0550931 0.0552451 6.34933e-05
0.0248349 0.0188004 0.00460757
-0.0942579 -0.0713114 -0.0174858
-0.0106671 0.101032 0.0544371
0.027132 -0.256685 -0.13832
0.0944958 0.197491 -0.0189581
-0.115008 -0.240352 0.023073
-0.070349 0.113561 -0.0111653
-0.0659664 0.106501 -0.0104707
-0.0210207 0.00667986 -0.00469545
-0.0438904 0.0139527 -0.00980649
0.0247502 -0.00736393 0.00490748
0.213131 -0.0633547 0.0422355
0.0703779 -0.0692063 0.0340625
0.0707885 -0.0696171 0.0342648
-0.0537055 -0.0414288 0.0197313
-0.0236476 -0.0182409 0.00868772
0.104052 -0.0242259 0.0143775
0.187671 -0.0437239 0.0259423
0.0248913 0.0079448 -0.0032661
0.24195 0.0772478 -0.0317571
0.039354 -0.123373 0.0409536
0.0142965 -0.0447956 0.01487
0.0522126 -0.110383 0.0344282
-0.0210652 0.0445456 -0.0138936
0.0042066 0.0419943 -0.0150436
-0.0114824 -0.114766 0.0411108
0.144915 0.0412505 -0.000615109
-0.127653 -0.0363245 0.000535982
-0.166302 -0.0573518 0.0203432
0.343396 0.118415 -0.0420019
-0.0350924 0.0107826 -0.00454997
0.274241 -0.0842758 0.0355596
0.218677 -0.064514 -0.084877
-0.16746 0.0494176 0.0649995
0.0218996 -0.0750583 0.0562326
0.0156877 -0.053759 0.0402748
-0.135054 0.0888467 -0.0834408
0.157449 -0.103567 0.0972694
0.0905563 -0.0226153 0.000649115
-0.0365658 0.00912902 -0.000261493
-0.086883 -0.0742959 0.035486
0.159481 0.1364 -0.0651433
-0.0412975 0.0727232 0.00918592
0.0886211 -0.156059 -0.0197122
-0.331129 -0.123503 0.0212434
0.187417 0.0699079 -0.0120221
0.385328 0.0863809 -0.0532629
-0.115934 -0.0259909 0.0160254
-0.00781186 0.156089 -0.0911902
0.00321501 -0.0643093 0.0375698
0.0172209 0.0304941 -0.00541322
0.00677476 0.0120015 -0.00213081
-0.191343 -0.114288 -0.00177251
0.113221 0.0676175 0.00104869
0.0381916 -0.0577068 -0.0151662
-0.0577548 0.0872708 0.0229363
-0.0966458 0.0482028 0.0262725
0.286018 -0.142665 -0.077754
0.223462 0.18037 0.00586451
-0.193172 -0.15592 -0.00506958
0.24128 0.030237 0.0779664
-0.165503 -0.0207361 -0.0534808
0.158071 0.058725 0.106654
0.199627 0.0741679 0.134695
-0.0947226 0.0865068 -0.0234205
-0.134595 0.122936 -0.0332796
-0.0744501 0.457873 -0.0325132
0.0559614 -0.344127 0.0244415
0.144946 -0.14568 0.0169502
0.124282 -0.12492 0.0145313
-0.160446 0.107196 -0.0442081
-0.108038 0.0721717 -0.0297678
-0.000984566 -0.0163858 0.00227676
-0.0192171 -0.32424 0.0451982
-0.0269282 -0.220029 -0.00663257
0.00621522 0.0508095 0.00153154
-0.0187064 0.0317056 -0.00991639
0.0974492 -0.165179 0.0516624
0.161433 0.160825 -0.0369372
0.03041 0.030291 -0.00695585
-0.0110098 -0.140992 -0.0338871
0.0119239 0.152788 0.0367233
-0.00377812 0.000693454 0.00067452
-0.0582468 0.0106985 0.0103987
0.0143288 0.0541276 -0.00327046
-0.0345892 -0.130656 0.00789431
-0.0565972 0.0486506 0.00453032
0.000713928 -0.000613006 -5.71217e-05
0.0340216 0.00872114 -0.0015615
-0.0152654 -0.00392285 0.000700742
0.0169419 -0.0693667 0.0062863
-0.0159528 0.0654109 -0.00592681
0.0262575 -0.116094 -0.0378778
-0.00662942 0.029352 0.00957576
0.0666818 0.0122825 -0.00311025
-0.126389 -0.0232576 0.00589491
0.0275683 0.0878463 -0.013133
-0.043882 -0.139834 0.0209054
0.000654358 0.0547424 -0.00171381
-0.000642396 -0.0536296 0.00167897
-0.00054342 -2.8871e-05 -2.36562e-05
0.0252983 0.00134788 0.00110105
-0.0102606 -0.029503 0.00104254
0.0156599 0.0451395 -0.00159547
0.0219984 0.00882005 -0.000951239
-0.0405873 -0.0162697 0.00175506
0.0303568 -0.030677 -0.000175024
0.0311805 -0.0315383 -0.000178953
0.0171341 0.0405121 -0.00144438
-0.00911792 -0.0215271 0.000767373
-0.0460421 -0.0172365 0.00179768
0.0316323 0.0118476 -0.00123503
-0.000983299 -0.0271478 -0.00137684
8.86748e-05 0.00219775 0.000110854
0.0570488 0.00310511 -0.00179047
-0.0562747 -0.00306921 0.00176619
0.140613 0.0430354 -0.021294
-0.0871827 -0.0266703 0.0132036
0.0221865 0.124136 -0.00581433
-0.0120379 -0.0673841 0.00315608
-0.0287824 0.00670737 -0.00940195
0.115677 -0.0269555 0.0377865
-0.065781 0.0161981 0.00598439
0.0692203 -0.0170561 -0.00629776
0.00507196 0.0153484 -0.000708556
-0.0120693 -0.0364667 0.00168371
0.00104839 -0.00122702 0.000102867
-0.0511224 0.05912 -0.00498115
0.129199 0.033195 -0.00827219
-0.0540764 -0.0138898 0.00346252
-0.00894887 0.0590034 -0.0105079
-0.000358479 0.00239306 -0.000426387
-0.151498 -0.0114206 -0.0367676
0.142 0.0107156 0.0344611
-0.0303537 -0.0304311 0.0069794
-0.16097 -0.161456 0.0369919
0.165166 -0.0974864 -0.0516605
-0.031738 0.0187275 0.0099273
-0.0509109 -0.00626103 -0.00154501
0.220275 0.027081 0.00668457
0.324461 0.0192944 -0.0451275
0.0163539 0.000972544 -0.00227454
-0.0723673 0.108182 0.0298047
-0.107444 0.16061 0.0442493
0.124966 -0.124315 -0.0144943
0.145723 -0.144958 -0.0168994
0.344162 -0.0559285 -0.0244392
-0.457863 0.0744048 0.0325124
-0.1229 0.134726 0.0333103
-0.0863139 0.0946077 0.0233917
-0.0742221 -0.199592 -0.134744
-0.0588104 -0.158119 -0.10675
0.0208037 0.166454 0.0536773
-0.0303614 -0.242785 -0.0782885
0.156671 0.194231 0.00545678
-0.180599 -0.223882 -0.00628984
0.143386 -0.286916 0.078147
-0.0481583 0.0963757 -0.0262489
-0.0874573 0.0572374 -0.0232282
0.0589088 -0.0385498 0.0156461
-0.0680416 -0.114109 -0.0014397
0.115046 0.192894 0.00243417
-0.0109501 -0.0065002 0.0019238
-0.0302745 -0.0179777 0.00531812
0.0645863 -0.00319889 -0.0377372
-0.155937 0.0077304 0.0911146
0.0262199 0.116051 -0.0160155
-0.0872326 -0.385901 0.0532587
-0.0699962 -0.188024 0.0121507
0.123539 0.331882 -0.0214501
0.155884 -0.0886491 0.0196889
-0.0726317 0.0413147 -0.00917603
-0.136238 -0.15919 0.0649803
0.0741328 0.0866356 -0.0353611
-0.00917915 0.0363066 0.000274516
0.0228218 -0.0902056 -0.000685448
0.103597 -0.157558 -0.0973326
-0.0890863 0.135506 0.0837033
0.0535306 -0.0158417 -0.0400876
0.0749967 -0.0221975 -0.056162
-0.0498452 0.167884 -0.0651489
0.0646408 -0.217762 0.0845027
0.0843929 -0.274273 -0.0356098
-0.0107197 0.0348405 0.00452334
-0.118606 -0.344011 0.0419928
0.0573673 0.166392 -0.0203109
0.0364225 0.127696 -0.000571354
-0.0414003 -0.145176 0.000645683
-0.0328282 -0.0750059 -0.00519188
0.0292721 0.0668725 0.00462863
0.030754 -0.070777 0.00252712
-0.0501956 0.115552 -0.00412976
0.0129875 0.114572 -0.00979001
-0.0142056 -0.125457 0.0107224
-0.00891684 -0.0332422 -0.00475318
0.0284155 0.105808 0.0151305
-0.152948 0.117109 0.00616968
-0.188616 0.144407 0.00761099
-0.0243341 -0.0343878 -0.00644994
-0.0836792 -0.118226 -0.0221806
-0.172474 0.162524 -0.0664005
-0.136133 0.128291 -0.0524125
-0.0129629 -0.00407674 0.000811182
0.177107 0.0557125 -0.0110865
-0.0252835 -0.0770862 0.00543194
0.0423559 0.129171 -0.00910296
0.00694173 -0.115317 -0.0116392
0.00525751 -0.0874592 -0.00882592
0.0446209 -0.0774023 0.00241322
0.0496482 -0.0860873 0.00268156
-0.0161346 0.00732361 -0.00142093
0.0340016 -0.015432 0.00299424
-0.0253634 0.0117915 0.00917954
-0.0948568 0.0440737 0.0343306
-0.0265958 -0.0442764 0.0139354
0.00689798 0.0114894 -0.00361471
0.0175728 0.123806 9.92707e-05
0.0161185 0.113486 9.30546e-05
0.0419685 0.0133543 -0.0147594
0.158345 0.0503918 -0.0556884
0.000925264 0.000328405 -0.000241504
0.11791 0.0422902 -0.0307101
0.121632 0.00302182 0.0358079
0.0940267 0.00232787 0.0276806
-0.030667 0.0205797 -0.000927951
-0.0241602 0.016203 -0.000731757
-0.035104 0.0578352 -0.000559075
-0.0448821 0.0739006 -0.000713482
-0.000703848 -0.000659098 -6.43282e-05
-0.0149395 -0.0139813 -0.00136522
0.021743 -0.041789 -0.00172385
0.0120919 -0.023213 -0.000958846
-0.0341984 -0.0385319 0.00608453
0.0339145 0.0382325 -0.00603538
-0.0183684 0.034554 -0.000892884
0.0222508 -0.0418682 0.00108214
-0.0204534 -0.0268423 -0.00273407
0.0440366 0.0577727 0.00588365
-0.0775885 0.0143108 0.0103392
-0.074952 0.0138285 0.00998755
-0.0543399 0.0727208 -0.00424084
-0.0550201 0.0736533 -0.00429364
-0.0273493 0.0253397 -0.0120686
-0.0532833 0.0493799 -0.0235183
-0.0754729 -0.00292319 0.00282472
0.215902 0.00836945 -0.00808267
0.0325451 0.00446069 -0.00404183
0.173032 0.0237728 -0.0214996
0.0765876 -0.078551 0.034081
-0.0329584 0.0338018 -0.0146656
-0.0815478 -0.0882284 0.0384184
0.0875639 0.0947339 -0.0412511
-0.0638587 -0.0128127 0.0105402
0.186931 0.0375229 -0.0308599
0.129468 -0.129908 0.0760288
0.0457549 -0.0459021 0.026865
-0.155066 -0.157119 0.0440903
0.0314823 0.0319057 -0.00895384
-0.0851229 0.00388975 0.00655371
0.0548408 -0.00249708 -0.004224
0.142738 -0.0306806 0.0730329
0.0430009 -0.00924474 0.0220014
-0.0283295 -0.187508 0.0592944
0.0525223 0.347657 -0.109936
0.0549454 0.0189668 -0.0289443
-0.0418709 -0.0144767 0.0220552
-0.582773 -0.55332 0.0885377
0.31448 0.298584 -0.0477764
0.12746 0.590999 -0.032361
0.0797538 0.369828 -0.0202446
0.174846 0.211251 -0.0263349
-0.159968 -0.193254 0.0240934
-0.120173 0.0358975 0.0169823
-0.0983456 0.029367 0.0139001
-0.0488152 -0.180395 0.132655
-0.0372754 -0.137779 0.101317
-0.108422 -0.110833 0.106259
0.139792 0.142917 -0.137013
-0.0378852 0.00812072 0.00939157
0.0365467 -0.00783525 -0.00905927
0.146913 0.0299511 -0.0322091
-0.0284316 -0.00580654 0.00622897
0.20683 -0.0583297 0.0705016
0.0454893 -0.0128209 0.0155052
0.0866543 0.316314 0.190099
-0.00847076 -0.0309031 -0.0185723
-0.094462 0.330247 -0.116606
-0.0300583 0.105093 -0.0371075
-0.357833 -0.0239449 -0.096119
-0.096091 -0.00641039 -0.0258062
-0.0118608 0.154443 0.00521187
-0.010648 0.13863 0.00467831
-0.235383 0.0133949 0.0714179
0.186086 -0.0105861 -0.0564618
-0.323496 -0.00606651 -0.0544797
-0.0228202 -0.000441695 -0.00384362
0.011929 -0.0165496 0.0106494
0.0199211 -0.0276426 0.0177863
-0.112028 -0.106931 -0.0145002
0.151513 0.144619 0.0196109
-0.0983569 -0.0499549 -0.000666162
0.0962736 0.0488938 0.00065231
-0.0684476 -0.0852525 0.0057229
0.0200833 0.0250101 -0.00167754
-0.0416878 -0.0803298 0.015646
0.093021 0.179231 -0.0349061
-0.0463071 0.00745048 -0.0154569
0.211906 -0.0340973 0.0707334
0.00702488 0.00702591 -4.64723e-07
-0.00702678 -0.00702572 -4.4844e-07
-7.71658e-09 -8.32051e-07 3.67639e-07
0.00665965 -0.000211658 0.00306447
-0.0451839 -0.0462153 0.000460212
0.0446065 0.0456291 -0.000456289
-0.0842058 -0.0308228 -0.00484228
0.146999 0.0538023 0.00845385
0.0677858 0.0174831 0.00143861
-0.208601 -0.0537849 -0.00443091
0.0697603 -0.0134444 0.0100499
-0.191039 0.0368177 -0.0275219
-0.042852 -0.0281491 -3.62047e-05
0.0819135 0.0538235 6.58257e-05
-0.172241 0.0460971 -0.0169703
-0.121282 0.0324613 -0.0119506
-0.109925 0.048658 -0.0161402
-0.206638 0.0914792 -0.0303436
-0.33643 0.353907 -0.0747081
-0.120938 0.127224 -0.0268564
0.017075 0.0705458 -0.048577
-0.0128826 -0.0532256 0.0366505
-0.0399372 0.0374512 -0.0355083
-0.114674 0.107529 -0.101952
0.00992361 0.00186293 0.00134878
0.0352555 0.00665547 0.00477884
-0.00537415 -0.00469191 -0.000971334
-0.0704008 -0.0614573 -0.0127248
-0.0413883 0.0299656 -0.00750567
-0.0934253 0.0676055 -0.0169378
0.102728 0.0224077 0.00761912
0.00940583 0.00205459 0.000697424
-0.130852 0.0163378 -0.0125696
-0.139752 0.0174524 -0.0134259
-0.148447 0.0876475 -0.0267168
-0.104103 0.0614755 -0.0187374
-0.117461 0.0760611 -0.016481
-0.158346 0.10254 -0.0222182
-0.0793516 0.0379351 -0.0194603
0.0284143 -0.0135843 0.00696857
-0.119618 0.0876613 -0.0445078
-0.144607 0.105965 -0.053803
0.237532 0.280581 0.0355978
-0.172617 -0.203909 -0.0258695
0.0178357 0.16897 -0.0541476
-0.0149984 -0.142058 0.0455215
-0.13501 -0.283172 -0.0550741
0.127842 0.26815 0.0521499
-0.0258541 -0.0918139 -0.00741132
-0.00605155 -0.0214915 -0.00173472
-0.00201889 -0.136635 -0.0101005
-0.000240766 -0.016075 -0.00118936
0.190871 0.0586221 0.00632682
-0.129038 -0.0396244 -0.00427721
-0.00100151 -0.00190055 -0.000312468
-0.0316312 -0.0598672 -0.00987001
0.016268 -0.0701593 -0.00123353
-0.000776157 0.00336575 6.03506e-05
0.0207458 -0.120654 0.00544955
-0.00419347 0.0243688 -0.00110119
0.0058539 0.0762115 -0.000463054
-0.000716834 -0.00910931 4.70103e-05
0.0336491 0.0444487 0.0144394
0.0233426 0.0308419 0.0100166
0.104505 -0.101646 0.0461406
0.0585059 -0.0569029 0.0258313
0.0183177 -0.00237546 0.0149776
-0.0998698 0.0128928 -0.081649
-0.0564427 -0.0605673 -0.0339182
0.165695 0.177766 0.099569
0.0335264 -0.0337456 0.00875789
0.121511 -0.122344 0.0317387
0.111305 -0.0863976 0.0403975
0.120295 -0.093378 0.0436604
0.0115951 0.0670724 0.0326005
-0.0267845 -0.154869 -0.0752805
0.166294 -0.0439866 0.0367855
0.0240988 -0.0063575 0.0053327
-0.0958016 -0.177883 0.135937
-0.107749 -0.20005 0.152881
0.280492 -0.31716 0.0550978
0.502853 -0.568588 0.0987768
0.357211 -0.0804421 0.01955
-0.601536 0.135456 -0.0329151
0.0875756 0.0970923 -0.0146073
-0.127249 -0.141068 0.0212233
0.0463049 0.0972459 -0.0148383
-0.0936649 -0.196663 0.0300032
-0.136305 0.035557 -0.100882
0.122635 -0.0319988 0.0907657
-0.100813 0.161251 -0.0155922
0.0167174 -0.0267469 0.00258633
0.163406 0.0409657 -0.0130267
-0.0256689 -0.00643427 0.00204634
-0.139359 -0.0210045 -0.0582168
-0.167563 -0.0252574 -0.0699982
0.110991 -0.00896984 0.0276527
-0.0838422 0.0067747 -0.0208893
-0.197886 -0.13284 -0.0319167
-0.0621478 -0.0417248 -0.0100241
-0.0221061 9.77296e-05 -0.00270962
-0.126325 0.000557537 -0.0154843
0.0145892 -0.0212776 -0.0126188
-0.0231195 0.0337215 0.0199991
0.369654 0.344019 0.072809
-0.11436 -0.10643 -0.022525
0.0459819 0.0349268 0.0109614
-0.0971284 -0.0737734 -0.0231547
0.236612 0.0520593 0.00750705
-0.132424 -0.0291333 -0.00420021
-0.000740404 0.000889534 0.000114246
0.0728378 -0.0867616 -0.0110705
-0.0138634 0.0040209 -0.000721548
0.184284 -0.0534617 0.00958865
0.0557095 -0.0386348 0.00577803
0.0265347 -0.0184016 0.00275222
0.0310771 -0.0242587 0.00230743
0.0741446 -0.0578815 0.00550317
0.170454 -0.101692 0.0280023
0.0490309 -0.0292522 0.00805452
-8.69516e-07 1.08904e-06 9.82405e-08
0.00832269 -0.000701146 0.00341072
-0.00819647 0.00819686 1.73486e-07
-0.00819694 0.00819655 -1.71433e-07
0.000701381 -0.00832248 -0.00341052
-1.34497e-06 7.79316e-07 -2.53139e-07
0.0293064 -0.0491269 -0.00807244
0.101703 -0.170478 -0.0280108
0.0578737 -0.074148 -0.00550789
0.0242384 -0.0310561 -0.00230752
0.0183991 -0.0265372 -0.00275426
0.0386413 -0.0557369 -0.00578577
0.0534034 -0.184183 -0.00957047
-0.00404426 0.0139466 0.000724578
0.0866387 -0.0728084 0.0110617
-0.000888795 0.0007523 -0.00011285
0.0291101 0.132303 0.00421234
-0.0520314 -0.236459 -0.00753059
0.0738312 0.097138 0.0231662
-0.0349552 -0.0459935 -0.0109696
0.10648 0.114353 0.0225427
-0.343916 -0.36934 -0.0728095
-0.0336734 0.0231621 -0.0199618
0.0211781 -0.0145735 0.0125537
-0.000598696 0.126217 0.0154518
-0.00010385 0.0220396 0.00269827
0.0416772 0.0620349 0.0100151
0.132855 0.197752 0.0319257
-0.00672608 0.0839731 0.0209527
0.00889561 -0.111101 -0.0277231
0.0251075 0.169002 0.0708713
0.0206106 0.138678 0.0581516
0.00654567 0.0259436 -0.00207576
-0.041198 -0.163341 0.0130691
0.026354 -0.0167202 -0.00252842
-0.161578 0.102598 0.0155012
0.0317352 -0.122495 -0.090698
-0.0352637 0.136118 0.100785
0.196484 0.0939265 -0.0299496
-0.0973198 -0.04651 0.0148369
0.141184 0.127294 -0.0212148
-0.0972712 -0.0876992 0.0146163
-0.135387 0.600909 0.0333238
0.0804338 -0.356987 -0.0197999
0.568416 -0.502446 -0.0987217
0.317169 -0.280351 -0.0550831
0.199176 0.107294 -0.152277
0.177697 0.0957305 -0.135859
0.00640357 -0.0242427 -0.00536844
0.0439833 -0.166524 -0.0368764
0.15503 0.0267881 0.0754297
-0.0672011 -0.0116116 -0.0326965
0.0934704 -0.120507 -0.0437181
0.0865382 -0.111539 -0.0404647
0.122243 -0.121386 -0.0316773
0.0337933 -0.0335583 -0.0087576
-0.177957 -0.165798 -0.0996709
0.0606427 0.0564979 0.0339642
-0.0128037 0.099994 0.0817881
0.00233005 -0.0182138 -0.0148973
0.0568947 -0.0585136 -0.0258336
0.101675 -0.104584 -0.0461732
-0.0307021 -0.0231739 -0.00994284
-0.0445545 -0.0336366 -0.0144321
0.00917968 0.000708998 -5.23712e-05
-0.0762726 -0.0059045 0.000428559
-0.0246019 0.00423882 0.00110804
0.120623 -0.0208365 -0.00544105
-0.00346087 0.000791399 -6.28423e-05
0.0704532 -0.0161817 0.00125966
0.0599605 0.0316653 0.00989913
0.00188631 0.000979336 0.000305921
0.0397799 0.129045 0.00428536
-0.0587769 -0.19074 -0.00633402
0.015998 0.000255642 0.00118868
0.136677 0.00217615 0.0101528
0.0211755 0.00594308 0.00170615
0.092119 0.0258574 0.00742329
-0.267536 -0.127526 -0.0518719
0.282959 0.134881 0.0548638
0.141826 0.0151089 -0.0453339
-0.168735 -0.0179556 0.0539448
0.203742 0.172259 0.0259818
-0.280332 -0.237015 -0.0357489
-0.106011 0.144446 0.0537874
-0.0877527 0.119567 0.0445235
0.0137417 -0.0284994 -0.0070181
-0.0383483 0.0795397 0.0195855
-0.102791 0.158122 0.0222218
-0.0762483 0.117287 0.0164834
-0.0614865 0.104132 0.0187915
-0.0877325 0.148589 0.0268135
-0.0176569 0.139744 0.0134742
-0.0165917 0.131224 0.012657
-0.00199095 -0.00899938 -0.000667864
-0.022853 -0.103151 -0.00765297
-0.0674521 0.0935131 0.0169978
-0.0298515 0.0413793 0.00752204
0.0613669 0.0705219 0.0127484
0.00459829 0.00528241 0.000954813
-0.0065834 -0.0350421 -0.0047765
-0.00185315 -0.00988862 -0.00134951
-0.107555 0.114486 0.101977
-0.0374259 0.0398307 0.0354836
0.0532738 0.0128817 -0.0366788
-0.070806 -0.0171253 0.0487492
-0.127216 0.120906 0.0268774
-0.353859 0.336315 0.0747616
-0.0913551 0.206717 0.0303334
-0.0484072 0.109523 0.0160727
-0.0326696 0.121351 0.012024
-0.0463195 0.17203 0.0170485
-0.0538805 -0.0820387 -8.15801e-05
0.0283565 0.0431835 4.40927e-05
-0.0364082 0.191125 0.0273892
0.0132813 -0.0697318 -0.009992
0.0534842 0.209017 0.00437707
-0.0174285 -0.068124 -0.00142738
-0.0540559 -0.146783 -0.00840547
0.0310871 0.0844112 0.00483366
-0.0456264 -0.0446073 0.00045491
0.046208 0.0451769 -0.000460228
0.000213818 -0.0066572 -0.00306432
-1.57292e-06 -3.75243e-06 -9.72001e-07
0.00702401 0.00702654 1.09253e-06
-0.00702435 -0.00702178 1.1346e-06
0.0341014 -0.211801 -0.0707201
-0.0074566 0.0463142 0.0154641
-0.179199 -0.0929709 0.0349119
0.0802804 0.0416504 -0.0156404
-0.0250074 -0.020084 0.00167616
0.085253 0.0684572 -0.00571908
-0.048812 -0.0961996 -0.000649871
0.0498949 0.0983286 0.00066403
-0.144679 -0.151559 -0.0196187
0.107019 0.112107 0.0145116
0.0276439 -0.0199356 -0.0177952
0.0166193 -0.0119847 -0.0106981
0.000505333 0.0240262 0.00407847
0.00663161 0.322177 0.0546847
0.0113178 -0.187339 0.0564981
-0.0141883 0.234657 -0.0707638
-0.138359 0.0108311 -0.00442718
-0.156274 0.0122352 -0.0050005
0.00616483 0.0949159 0.0257437
0.0233659 0.359533 0.0975187
-0.102645 0.0297402 0.0358566
-0.331017 0.0959043 0.115634
0.0298775 0.00819311 0.0179619
-0.317579 -0.0871257 -0.190925
0.0125782 -0.0452582 -0.0154317
0.0583572 -0.209863 -0.0715599
0.00555163 0.028025 -0.00626091
-0.0294348 -0.148729 0.0332386
0.00691298 -0.0391746 0.0102939
-0.00717484 0.0406994 -0.0106971
-0.143199 -0.140831 0.137441
0.110833 0.108998 -0.106376
0.137531 0.0370942 -0.101
0.181123 0.0488497 -0.133014
-0.0289276 0.0980179 -0.0138018
-0.0349892 0.118585 -0.0166998
0.193663 0.160264 -0.0238666
-0.211271 -0.174831 0.0260361
-0.369975 -0.07972 0.0199023
-0.591835 -0.12752 0.0318323
-0.298875 -0.314454 0.0478858
0.553877 0.582725 -0.0887456
0.0134929 0.0406796 -0.0214391
-0.0180716 -0.0544919 0.0287187
-0.348097 -0.0528586 0.109825
0.187774 0.0285101 -0.0592418
0.00906182 -0.0427699 -0.0219943
0.0303969 -0.143642 -0.073874
0.00241544 -0.0547255 0.00424191
-0.00378485 0.08515 -0.006595
-0.0320395 -0.0316362 0.00898959
0.157093 0.155063 -0.0440813
0.0458358 -0.0457014 -0.0268273
0.129495 -0.129163 -0.075796
-0.0374828 -0.185791 0.0307719
0.0129346 0.0641051 -0.0106181
-0.0940122 -0.0871224 0.0409827
0.0882531 0.0817559 -0.0384724
-0.0337473 0.0332383 0.0146219
0.0780312 -0.0768229 -0.0338088
-0.024079 -0.171523 0.0214606
-0.00445232 -0.0317278 0.0039694
-0.0085355 -0.2144 0.00817708
0.00299645 0.0755593 -0.00287834
-0.0493468 0.053339 0.0234888
-0.0254671 0.027502 0.012122
-0.072072 0.0538079 0.00435954
-0.0711659 0.0531306 0.00430465
-0.0158143 0.0762577 -0.0100011
-0.0160126 0.0771615 -0.0101187
-0.0593401 -0.0451772 -0.00637839
0.0276075 0.0210196 0.00296742
0.0410606 -0.0209694 -0.00122382
-0.0357736 0.0182747 0.00106601
-0.0385235 -0.0330128 0.0060393
0.0381667 0.0327098 -0.00598366
0.0227077 -0.0109513 0.000880915
0.040593 -0.0195895 0.00157591
0.0160683 0.0162593 0.00139604
-0.00153912 -0.00157448 -0.000134887
-0.0739361 0.0460863 0.000861136
-0.0560182 0.034928 0.000652119
-0.0139552 0.024196 0.000864757
-0.0174671 0.0302793 0.00108194
-0.00230556 -0.0940968 -0.0277869
-0.00294462 -0.120946 -0.0357149
-0.0428182 -0.118437 0.0308397
-0.000170232 -0.000467319 0.000121495
-0.0498399 -0.157424 0.0553356
-0.0133346 -0.0421041 0.0148011
-0.114219 -0.015358 4.37956e-05
-0.124019 -0.0166808 4.65657e-05
-0.0106867 -0.00636242 0.00335746
0.044256 0.0263641 -0.0139106
-0.0447579 0.0945568 -0.0344299
-0.0119005 0.0251561 -0.00915977
0.0162596 -0.0335631 -0.00306052
-0.00721846 0.014905 0.00135888
0.086436 -0.0496014 -0.00259007
0.0778729 -0.0446737 -0.0023351
0.0872863 -0.00573396 0.00885146
0.116232 -0.00766866 0.0117938
-0.128838 -0.043329 0.00909491
0.0768456 0.025822 -0.00542624
-0.0562328 -0.177093 0.01142
0.00403387 0.0126986 -0.000819326
-0.128525 0.136485 0.0525121
-0.162334 0.17239 0.0663258
0.118527 0.0839746 0.0223431
0.0338049 0.0239364 0.00636813
-0.144121 0.188571 -0.00801125
-0.116726 0.152709 -0.00648475
-0.105966 -0.029234 -0.0151836
0.0338375 0.00934459 0.00484886
0.125029 0.0147608 -0.0105811
-0.116251 -0.013712 0.00983999
-0.115748 0.0496107 0.00432496
0.0716065 -0.0306846 -0.00267744
-0.0666537 -0.029155 -0.00457885
0.074901 0.0327664 0.00514511
-0.163881 -0.104319 -0.085965
-0.0513456 -0.0326749 -0.0269278
-0.00702984 -0.00120096 0.000936603
0.00942651 0.00158748 -0.00124656
-0.179592 0.060258 -0.0470737
-0.0918354 0.0308082 -0.0240705
-0.227171 0.173748 -0.00144287
-0.218931 0.167448 -0.00139052
0.110796 0.0387581 -0.0288789
0.315847 0.110463 -0.0823216
0.120909 0.0751375 0.010464
0.221036 0.137374 0.019127
0.195698 -0.08808 -0.0016563
0.143009 -0.0643678 -0.00121035
-0.0359452 0.0481747 0.0105405
0.00895924 -0.0120076 -0.00262726
0.249138 -0.123743 0.0503667
0.229969 -0.114225 0.0464906
-0.00620884 0.201543 0.037739
0.000493654 -0.016033 -0.00300214
0.0261351 0.190577 0.0572204
-0.0035247 -0.0257485 -0.00773106
-0.00128141 -0.00107636 -0.000498327
0.0701132 0.0586025 0.0271717
0.101368 -0.0553566 -0.0250374
0.205975 -0.1125 -0.0508779
-0.101136 -0.0278056 -0.0111389
-0.0384217 -0.0105706 -0.00423385
-0.00181841 -0.0203485 -0.00729984
0.00209868 0.0235837 0.00846326
-0.142362 -0.122283 -0.0917075
0.000102776 8.73096e-05 6.52319e-05
-0.18204 -0.0215683 0.0416334
-0.242065 -0.0286737 0.0553607
-0.211642 0.0771295 0.00278558
-0.296825 0.108173 0.00390671
-0.058527 0.0463798 0.00890262
0.0157633 -0.0124879 -0.00239656
-0.0130865 0.0909673 0.045823
-0.00939383 0.065268 0.0328771
0.0663856 -0.0975461 -0.0435817
0.0180812 -0.0265751 -0.0118732
-0.0894921 -0.1673 -0.0488751
-0.0183044 -0.0342287 -0.00999974
-0.0334189 -0.158072 -0.0475965
0.00573608 0.0271605 0.0081783
-0.0884483 0.0438544 0.0392189
-0.0478526 0.0237139 0.0212134
-0.0333266 -0.0155204 -0.00748311
0.171576 0.0799374 0.0385368
0.0460904 -0.126205 -0.0482269
-0.0147798 0.0404754 0.0154668
-0.0561402 0.0743235 0.0309502
-0.0474037 0.0627876 0.0261468
0.000920371 0.000745342 -0.000330593
0.132834 0.106849 -0.0476956
0.0790147 0.00571932 -0.0263597
-0.0316944 -0.00228863 0.0105745
0.136766 0.0955562 0.0543095
0.071992 0.0502978 0.0285877
0.0279545 -0.00464155 -0.00652554
0.106216 -0.0176085 -0.024792
-0.0862661 0.00539489 0.0205941
0.114838 -0.00719112 -0.0274166
-0.0116675 -0.0424615 -0.0157251
-0.0248815 -0.0905464 -0.0335332
0.005312 -0.0957233 -0.00364594
0.00370028 -0.0665755 -0.002538
0.0668494 -0.13914 -0.0102529
0.0372379 -0.0775102 -0.00571111
0.0221356 0.068924 -0.00958719
-0.033215 -0.103394 0.014382
-0.145397 -0.104958 -0.0353354
0.0897357 0.0647877 0.021811
0.0716407 -0.00980105 -0.0165033
-0.120171 0.0164383 0.0276827
0.15173 0.176124 0.0169861
-0.152031 -0.176462 -0.0170224
-0.00342093 0.000393526 0.000285559
0.165179 -0.0187363 -0.0136925
0.170326 0.17036 0.0503354
-0.170342 -0.170377 -0.0503403
0.0185213 -0.165221 0.0135563
-0.000378218 0.00342851 -0.000279099
0.176267 0.151769 0.0170646
-0.175877 -0.151434 -0.0170269
-0.0165115 0.11938 -0.0274694
0.00982953 -0.0711114 0.0163622
-0.0643507 -0.0891299 -0.021603
0.104743 0.145081 0.0351633
0.103832 0.0335285 -0.0143011
-0.0685123 -0.0221164 0.00943625
0.0773959 -0.0367912 0.00563919
0.139085 -0.0661008 0.0101299
0.0671699 -0.00420202 0.00274886
0.0959497 -0.00601421 0.00393122
0.0904152 0.0244885 0.0334586
0.042295 0.0114608 0.0156534
0.00678781 -0.115388 0.0274924
-0.00511707 0.0867816 -0.0206788
0.0175952 -0.106176 0.024767
0.0045829 -0.0276745 0.00645519
-0.050415 -0.0722676 -0.0287145
-0.0952369 -0.136513 -0.054242
0.00219163 0.0313476 -0.0104642
-0.00553453 -0.0792332 0.0264499
-0.106269 -0.132532 0.0476526
-0.000451593 -0.000573541 0.000206009
-0.0628791 0.0474518 -0.0261968
-0.0744418 0.0561845 -0.0310139
-0.040497 0.0146655 -0.0154583
0.126252 -0.0457222 0.0481924
-0.0795732 -0.171456 -0.038414
0.0154032 0.033186 0.00743569
-0.0236067 0.0476716 -0.0211253
-0.0437582 0.0883133 -0.0391458
-0.0271482 -0.00573791 -0.00817042
0.158175 0.0334456 0.0476034
0.0343549 0.0183048 0.0100463
0.167319 0.089126 0.0489289
0.0265238 -0.018012 0.0118431
0.097427 -0.0661642 0.0435019
-0.0653305 0.00937966 -0.0328765
-0.0910127 0.0130479 -0.0458026
0.0123589 -0.0155862 0.00237707
-0.0465281 0.0586999 -0.00894679
-0.108025 0.297218 -0.00360189
-0.076899 0.211586 -0.00256399
0.0280647 0.242201 -0.0553049
0.0212788 0.183595 -0.0419234
6.76816e-05 8.37306e-05 4.98593e-05
0.122734 0.142146 0.0925116
-0.0236523 -0.00210984 -0.00851345
0.0205563 0.00182835 0.00740078
0.0104308 0.0387893 0.00421117
0.027334 0.101658 0.0110358
0.112584 -0.205975 0.050834
0.0554637 -0.101445 0.0250388
-0.058491 -0.0697899 -0.0270961
0.000875629 0.00104948 0.000406183
0.0259568 0.00364467 0.00779925
-0.190286 -0.026689 -0.0571758
0.0161185 -0.000532714 0.00302893
-0.201265 0.00667891 -0.0378258
0.114861 -0.23014 -0.0464705
0.124329 -0.249107 -0.0503002
0.0119072 -0.00877266 0.00259979
-0.0493523 0.0363615 -0.0107753
0.063624 -0.142195 0.00113278
0.087845 -0.196326 0.00156401
-0.137838 -0.221345 -0.0194877
-0.0751804 -0.12074 -0.0106318
-0.109854 -0.316456 0.0824294
-0.0382692 -0.110225 0.0287118
-0.168345 0.218171 0.00154218
-0.174734 0.226419 0.00160034
-0.0307622 0.0918452 0.0241428
-0.0599811 0.179073 0.0470723
-0.00173786 -0.00953166 0.00131586
0.00114632 0.0063125 -0.000869574
0.0324681 0.0508069 0.0267427
0.104816 0.164001 0.0863306
-0.0116006 0.12368 -0.0245195
0.0113979 -0.121478 0.0240815
-0.00374088 0.000638491 0.0012417
0.102009 -0.017421 -0.0338585
-0.0593933 0.174543 -0.00165565
-0.0142798 0.0419625 -0.000397802
-0.0656549 0.0403287 0.00857241
-0.0249819 0.015345 0.00326187
0.0610445 0.0160858 -0.0220737
0.104442 0.0275141 -0.0377656
0.00735892 -0.00508554 -0.00154217
0.050503 -0.0349496 -0.0105781
0.0317779 0.0834107 -0.0125872
-0.0653263 -0.171498 0.0258744
0.0974999 0.117608 -0.0337381
-0.096228 -0.116091 0.0332986
0.037237 -0.141637 0.00548128
-0.00810082 0.0308232 -0.00119354
-0.074206 0.171677 -0.0408262
0.0178008 -0.0411777 0.00979211
0.11387 0.132136 -0.0414301
-0.0377204 -0.0437529 0.0137205
0.066667 0.0255439 -0.00382223
-0.0380402 -0.0145716 0.00217986
0.0379022 0.0240748 -0.00754374
-0.0156031 -0.00990316 0.00310379
0.00432432 -0.00439239 1.10318e-05
0.00435725 -0.00442398 1.07961e-05
0.0101597 0.0158772 -0.00317849
-0.0243083 -0.0379832 0.00760463
0.0145742 0.037982 -0.00217076
-0.0256921 -0.0669088 0.00382942
0.043744 0.0376794 -0.0137122
-0.132252 -0.113852 0.0414472
0.0411533 -0.0178078 -0.00979662
-0.171597 0.0742534 0.040849
-0.0308647 0.00811893 0.00119419
0.141707 -0.0372704 -0.00548417
0.116224 0.096316 -0.0333021
-0.117756 -0.0975938 0.0337436
0.171685 0.065276 -0.0258354
-0.0834712 -0.0317377 0.0125615
0.0350448 -0.0504475 0.0105505
0.00514122 -0.00739759 0.00154685
-0.0276616 -0.104359 0.0377323
-0.0161924 -0.0610506 0.0220745
-0.0153447 0.0249846 -0.00325535
-0.0403892 0.0657098 -0.00855593
-0.0419684 0.014275 0.000399377
-0.174539 0.059371 0.00165985
0.0173311 -0.101944 0.0338442
-0.000631629 0.00374641 -0.00124431
0.121492 -0.0113933 -0.0240933
-0.123688 0.0115996 0.0245285
0.091968 0.0439942 -0.0306089
-0.108398 -0.0518542 0.0360771
0.0838172 0.0642092 -0.0526042
-0.154638 -0.118464 0.0970529
0.00274405 0.0379641 -0.0255977
0.00323091 0.0446417 -0.0301004
0.0541695 0.0512039 -0.0216745
-0.0560934 -0.0530195 0.0224443
0.127236 0.127307 -0.0586771
-0.127209 -0.127279 0.0586644
0.0528408 0.0559373 -0.0224025
-0.0511101 -0.0541062 0.0216691
-0.0446461 -0.00319938 0.0300993
-0.0380276 -0.00272698 0.0256374
0.11847 0.154631 -0.0970641
-0.0641981 -0.0837938 0.0525982
0.051833 0.1084 -0.0360854
-0.0439798 -0.0919691 0.0306152
-0.0423172 -0.00665796 0.0237581
-0.223896 -0.0352207 0.125702
0.0919437 -0.229822 0.00934884
0.140949 -0.352288 0.014328
-0.00628569 0.0812027 -0.00898314
-0.0317671 0.410641 -0.0454272
0.0716629 0.0926642 0.072838
0.0146008 0.0188875 0.014843
-0.123688 0.204095 -0.0484512
-0.133705 0.220621 -0.0523749
0.0013747 -0.264905 -0.0313934
0.00107932 -0.208059 -0.024657
-0.0102555 0.0181271 -0.00351142
0.0402617 -0.0712493 0.013783
0.00615671 0.0357863 0.00569599
-0.00287599 -0.0167201 -0.00266102
-0.0609054 -0.211247 -0.0429513
0.00841765 0.0292431 0.00594034
0.100943 0.044922 0.00522484
-0.000675586 -0.000294737 -3.4094e-05
-0.143681 0.104864 0.00185429
-0.0795613 0.0580784 0.00102546
-0.000443091 0.00100842 -0.000118793
-0.00544229 0.012897 -0.00147706
-0.109463 -0.11838 0.0480959
-0.118347 -0.127984 0.0519988
0.178538 -0.178282 9.65947e-05
0.178702 -0.178454 9.73146e-05
0.127553 0.118008 -0.0518598
0.118618 0.10974 -0.0482264
-0.0133017 0.00494658 0.00139746
-0.000699361 0.000263912 7.41989e-05
-0.0580644 0.079601 -0.00112838
-0.104967 0.143871 -0.00203688
0.000316642 0.000712161 3.56873e-05
-0.045403 -0.101364 -0.00512851
-0.0292416 -0.00845441 -0.00595492
0.211342 0.0610607 0.0430215
0.0166564 0.00284514 0.0026397
-0.0359197 -0.00613762 -0.00569352
0.071228 -0.0400786 -0.0137086
-0.0182499 0.0102694 0.0035126
0.208083 -0.00110433 0.0246933
0.265192 -0.00140606 0.0314713
-0.221653 0.134517 0.052522
-0.204031 0.12382 0.0483457
-0.0190684 -0.0147199 -0.0149932
-0.0927746 -0.0715916 -0.0729328
-0.410324 0.031304 0.0454093
-0.080854 0.00615902 0.00894771
0.352672 -0.141061 -0.0144499
0.229906 -0.0919492 -0.00942192
0.0353644 0.22398 -0.125733
0.00662444 0.0419216 -0.023533
-0.248444 0.129209 0.0306454
-0.288485 0.150038 0.0355846
0.12202 -0.0231241 -0.0228937
0.0148542 -0.00282081 -0.0027862
-9.09573e-05 0.000726468 -0.000248752
-0.0250503 0.203134 -0.069531
-0.0590115 0.0117539 0.0093609
-0.068448 0.0136258 0.0108573
0.0480418 -0.0410748 0.00680604
0.0986202 -0.0843215 0.0139724
-0.0101278 -0.0182052 0.00577722
0.0557213 0.100062 -0.0317536
-0.0240979 -0.0118922 -4.08255e-05
0.0295945 0.0145829 4.97109e-05
0.0656822 -0.0173029 0.00120751
0.0389083 -0.0102462 0.000715286
0.0169025 -0.0199776 0.00171956
0.0300683 -0.0355491 0.00305954
0.00323825 0.0121648 -0.00206024
0.00677515 0.0254937 -0.00431562
-0.0960244 -0.0462799 0.0132958
0.0170864 0.00824307 -0.00236513
0.00228569 -0.0202362 -0.00610338
-0.0108672 0.0964535 0.0290746
-0.176147 -0.0206501 0.0862681
-0.0155949 -0.00182735 0.0076378
0.193175 -0.0446513 -0.0626716
-0.196991 0.0455342 0.0639094
-0.151043 0.0379365 0.000270136
-0.0440444 0.0110677 7.8694e-05
0.00168418 -0.0279663 -0.0081528
0.00427218 -0.0710444 -0.0207113
0.00450841 -0.000433468 0.00156208
-0.0485198 0.00464446 -0.0168045
-0.149774 -0.270109 0.144644
-0.00471192 -0.00849001 0.00454794
-0.0303427 0.00576061 0.0117044
0.233571 -0.0443418 -0.0900972
-0.01713 -0.0221179 -0.00157794
0.0376316 0.0485997 0.00346994
-0.0704834 -0.0828204 -0.0038272
0.0324147 0.0380906 0.00176105
-0.0504449 -0.0649033 0.019664
0.0586963 0.0755241 -0.0228802
0.0203295 0.0376576 -0.00434129
0.0494343 0.0915705 -0.0105565
-0.0894503 0.126539 0.00903191
0.105463 -0.149184 -0.0106484
-0.0772005 0.16715 0.0382189
-0.025274 0.0547362 0.0125147
-0.0191971 0.202873 0.0530294
-0.0077868 0.08225 0.0215
-0.0135284 -0.00170118 -0.00170957
0.0307585 0.00386569 0.00388641
0.186989 0.203387 0.0850921
-0.164435 -0.17885 -0.0748263
0.0553837 -0.0047874 0.00182239
-0.116787 0.0100528 -0.00384401
0.117942 0.0351933 0.00278349
-0.0899841 -0.0268422 -0.00212367
0.0875728 0.00407034 -0.00159232
0.237207 0.0110277 -0.00431228
0.0176306 0.0303572 0.0127246
-0.0365724 -0.0630432 -0.026426
-0.0267014 -0.138041 -0.0619988
0.00407737 0.02103 0.00944556
0.0253255 -0.194906 -0.0607689
0.0387562 -0.298143 -0.0929617
-0.134571 -0.0341323 -0.049003
0.0636236 0.016145 0.0231666
0.137746 -0.155205 -0.0716512
0.237865 -0.268 -0.123731
-0.0185507 0.00292859 -0.00309
0.0455867 -0.00719461 0.00759364
0.0593967 -0.159185 -0.00477162
0.00777833 -0.0208537 -0.000625808
-0.108941 0.112041 0.00604457
-0.0722698 0.0743342 0.00401104
0.110009 -0.0957134 0.0124491
0.128903 -0.112155 0.0145865
-0.0147935 -0.0148091 -0.0107965
0.0148071 0.0148234 0.0108067
0.112107 -0.128895 -0.0145903
0.0957125 -0.110046 -0.0124566
-0.0744702 0.072497 -0.00401741
-0.112101 0.109155 -0.00604517
0.0208384 -0.0077683 0.00062914
0.159374 -0.0594052 0.0048136
0.00690301 -0.0457183 -0.00764186
-0.0028467 0.0188109 0.00314361
0.267035 -0.237428 0.124863
0.154683 -0.137535 0.07233
-0.0162217 -0.0633516 -0.023198
0.0346645 0.135426 0.0495925
0.299047 -0.0380088 0.0928904
0.195704 -0.0248668 0.0607877
-0.0209585 -0.00405768 -0.00941362
0.138177 0.026656 0.0620599
0.0630954 0.0366664 0.026457
-0.0304247 -0.0176777 -0.0127576
-0.0110594 -0.237134 0.00430001
-0.00408181 -0.0874483 0.0015846
0.0269619 0.0900584 0.00205502
-0.0352847 -0.117894 -0.00269021
-0.0106614 0.116609 0.0038723
0.005037 -0.0550641 -0.00182847
0.179223 0.165203 0.0752377
-0.203531 -0.187615 -0.0854419
-0.00357548 -0.0305881 -0.00381808
0.00156634 0.0133941 0.00167205
-0.0827495 0.0080213 -0.0216765
-0.203087 0.019707 -0.053202
-0.0547284 0.0253285 -0.0125117
-0.167094 0.0773361 -0.0382006
0.149161 -0.105455 0.0106625
-0.126467 0.0894129 -0.00904029
-0.0914451 -0.0491361 0.0103914
-0.0380824 -0.0204612 0.00432658
-0.0752358 -0.0585584 0.022823
0.0644735 0.0501881 -0.0195613
-0.038129 -0.0324483 -0.00176217
0.0828293 0.0704872 0.00382879
-0.0485384 -0.0376124 -0.00345616
0.0221362 0.0171563 0.00157521
0.0443588 -0.23363 0.0901581
-0.00574081 0.0302383 -0.0116688
0.0100197 0.00552609 -0.00533566
0.271234 0.149735 -0.144488
-0.00617955 0.0485235 0.0173567
0.000582506 -0.00455967 -0.00163158
0.0710547 -0.00473047 0.0205897
0.0278315 -0.00185683 0.00806463
-0.0112363 0.0442543 6.36786e-05
-0.0384393 0.15147 0.000217688
-0.0445545 0.19708 -0.0646687
0.0434169 -0.19206 0.0630228
0.00178932 0.0156965 -0.00774736
0.0200657 0.176108 -0.0869239
-0.0962864 0.010786 -0.0290954
0.0198819 -0.00223628 0.00601333
-0.00836767 -0.0173081 0.00239527
0.0465168 0.0962009 -0.0133126
-0.0255954 -0.00691348 0.00435909
-0.0120468 -0.00324135 0.00204942
0.036247 -0.0296723 -0.00302956
0.0243472 -0.0199292 -0.00203489
0.00828804 -0.0356584 -0.000678195
0.0148419 -0.0638308 -0.00121402
-0.0170018 -0.0331572 -0.000265482
0.0117712 0.0229598 0.000183791
-0.100386 -0.0551837 0.0318146
0.0181333 0.00996803 -0.00574686
0.0852918 -0.0979313 -0.0143083
0.0418906 -0.0481195 -0.00702492
-0.0132362 0.0682397 -0.0108623
-0.0113885 0.0586239 -0.00933284
-0.203412 0.0250506 0.0700685
-0.000837109 9.4898e-05 0.000287816
0.00282776 -0.0152147 0.00286779
0.0228518 -0.123137 0.0232145
-0.15139 0.288842 -0.0350659
-0.13053 0.24906 -0.0302359
0.0408995 0.102637 0.0020296
-0.0283616 -0.0711611 -0.0014061
0.0661447 0.0436361 -0.0122317
-0.164335 -0.108445 0.0303909
0.0430293 -0.0187219 -0.0156736
-0.141209 0.0614137 0.0514366
-0.0891248 -0.169067 0.0157117
0.0476907 0.0904596 -0.00840894
-0.00783541 0.0170165 0.00533083
0.0646168 -0.140187 -0.0439546
0.00504693 0.035301 -0.00359892
-0.00827065 -0.0579316 0.00590982
-0.105726 -0.0198083 0.0773349
0.249692 0.0467764 -0.18264
0.107334 -0.0793651 -0.113951
0.0979855 -0.0724477 -0.104025
0.115225 0.106084 0.0227808
-0.168407 -0.155075 -0.0333013
-0.0664538 -0.00796499 -0.0060788
0.118566 0.0142186 0.0108429
-0.192551 -0.138185 -0.0054196
0.202785 0.145554 0.00571099
0.0643555 0.0445162 0.00946772
-0.0591828 -0.0409512 -0.00871023
0.00790052 0.0495268 0.00490473
-0.00977196 -0.0612174 -0.00606144
0.0761339 0.075836 -0.00928872
-0.0756791 -0.0753906 0.0092337
0.0601989 0.0083882 0.0061836
-0.047364 -0.00660084 -0.00486504
0.0411676 0.0596604 0.00869459
-0.0442611 -0.0641235 -0.00934872
-0.14454 -0.201291 -0.00606507
0.137786 0.191866 0.00578305
-0.0136496 -0.118956 -0.0110685
0.00763773 0.0666418 0.00620418
0.155048 0.168283 0.0332481
-0.106076 -0.115148 -0.0227467
0.0724369 -0.0979486 0.103942
0.0793914 -0.107361 0.113928
-0.0467199 -0.249683 0.182566
0.019772 0.105682 -0.0772735
0.0575968 0.0080305 -0.00592826
-0.0346855 -0.00484083 0.00356856
0.140496 -0.065003 0.0439241
-0.0168141 0.00777306 -0.00525314
-0.0897087 -0.0472194 0.00830043
0.168909 0.0889128 -0.0156314
-0.0615594 0.141193 -0.0513958
0.0187097 -0.0428978 0.0156152
0.108594 0.164326 -0.0304476
-0.0435921 -0.0659485 0.0122199
0.0708918 0.0282893 0.00137843
-0.102538 -0.0409292 -0.00199107
0.009114 0.0924058 -0.0478628
-0.00588999 -0.059738 0.0309423
0.0463377 0.0458055 -0.00950414
0.0205374 0.0203125 -0.00421581
0.118878 -0.120329 0.0506904
0.0208579 -0.0211242 0.00889927
0.195326 -0.233288 -0.0206928
0.143474 -0.171378 -0.0151982
0.0590167 -0.0584084 6.73827e-05
0.0590725 -0.0584612 6.77132e-05
0.171533 -0.143514 0.015299
0.233827 -0.19561 0.0208505
0.0211181 -0.0208436 -0.00889983
0.120214 -0.118709 -0.0506599
-0.0202477 -0.0204562 0.00420958
-0.0458501 -0.0463409 0.00953042
0.0597807 0.00593086 -0.0309414
-0.0924096 -0.00916608 0.0478298
-0.139813 0.173098 0.0125938
-0.152944 0.189381 0.0137819
-0.0271333 0.085052 -0.0131822
-0.0430929 0.135074 -0.020935
-0.0836192 0.0191593 -0.00474296
-0.128324 0.0293966 -0.00727846
-0.000462949 -0.0033878 0.00171414
0.00781753 0.0576815 -0.0292079
-0.0125834 -0.0104701 -0.000675367
0.171706 0.142895 0.00921432
0.103659 -0.0364493 0.0127968
0.208502 -0.0733218 0.0257406
-0.0578877 -0.0656816 -0.00585974
0.00111471 0.00126547 0.000112759
-0.0162575 -0.144931 0.0129831
-0.00511369 -0.0456084 0.00408622
-0.0961943 0.123618 -0.0354046
-0.0982246 0.126247 -0.0361529
-0.000235775 0.00929227 0.00272502
0.00549699 -0.2149 -0.0630206
-0.00863326 -0.0322251 0.0060405
-0.0200897 -0.0749679 0.01405
0.000519094 -0.00432593 0.00111479
-0.0220167 0.183812 -0.0473862
0.0660235 0.0288685 0.00972021
-0.0641436 -0.028042 -0.00944207
0.110664 0.110664 0.0309052
-0.110694 -0.110645 -0.0309068
0.0279471 0.0639914 0.00941732
-0.0287964 -0.0659326 -0.00970343
-0.182005 0.0227692 0.0460984
0.00661082 -0.000836885 -0.00166998
0.0734379 0.0202442 -0.0132065
0.0334485 0.00922443 -0.00601335
0.215313 -0.00687743 0.0628188
-0.00801069 0.000257768 -0.00233715
-0.126332 0.098266 0.0361207
-0.123784 0.0962784 0.0353905
0.0455781 0.00510514 -0.00408484
0.145077 0.0162475 -0.0130028
-0.00120084 -0.00105475 -0.000106378
0.0657276 0.0579568 0.00587527
0.0740038 -0.208905 -0.0261295
0.0368911 -0.104148 -0.0130263
-0.143395 -0.171479 -0.00922056
0.0101617 0.0121579 0.000654005
-0.0575871 -0.00794412 0.0291324
0.00326177 0.000445069 -0.00165179
-0.0306558 0.130583 0.00769503
-0.0194714 0.0829034 0.00488568
-0.135686 0.0466147 0.0209488
-0.0869161 0.0298685 0.0134184
-0.189758 0.152959 -0.0140922
-0.173169 0.139584 -0.0128608
0.097613 0.0943132 0.0265253
-0.136971 -0.132298 -0.0372185
-0.170123 0.0636497 -0.116214
0.191199 -0.0715253 0.130608
-0.476344 -0.506699 -0.0597136
0.302773 0.322076 0.0379568
0.00639988 -0.00715842 -0.000307439
0.00885168 -0.00988065 -0.000425657
0.00266236 0.00258908 -6.63342e-05
-0.0023123 -0.00226465 5.78037e-05
0.00970709 -0.00894518 0.000437012
0.0074003 -0.00683228 0.000334078
-0.32196 -0.302797 -0.0378924
0.506727 0.476612 0.0596342
0.0713734 -0.191107 -0.130528
-0.0635907 0.170248 0.116284
0.13228 0.137104 0.0372678
-0.0941871 -0.0975935 -0.0265292
0.00136187 -0.00460989 0.0014515
-0.00220201 0.0074999 -0.00236742
0.05747 -0.0574694 -1.36992e-06
0.0574716 -0.0574717 -1.07093e-06
-0.00749153 0.00222161 0.00235511
0.00460857 -0.00136603 -0.00144907
